2.501134e+09 0.000000e+00 0.000000e+00 0.000000e+00 0.000000e+00 0.000000e+00 0.000000e+00
7.178872e-01 -6.959179e-01 -6.659545e-02 -6.478988e-02 2.865441e-03 -2.994366e-02 1.357928e-03
9.472604e-01 6.242405e-01 -1.807365e-01 -7.557088e-02 8.265400e-03 2.854761e-02 7.598502e-04
3.163993e+00 -4.839560e-01 -1.369761e-01 -6.706242e-02 8.366510e-03 -2.956007e-02 -3.845154e-04
4.176180e+00 6.353491e-01 5.023805e-01 1.209326e-02 -1.476873e-02 1.867768e-02 1.658595e-03
6.717736e+00 7.062948e-01 6.722851e-01 2.801742e-02 -1.426380e-02 1.498539e-02 -1.562251e-03
7.668529e-01 8.473400e-01 2.196826e-01 -9.969778e-02 -5.602065e-03 2.160778e-02 -1.559580e-03
5.895634e+00 -2.135040e-02 3.674981e-02 -5.476806e-03 -1.010810e-01 -5.872467e-02 -4.694920e-04
9.445703e+00 -2.257340e-02 9.408867e-02 2.349667e-03 -6.816226e-02 -1.635323e-02 -3.501470e-03
1.024405e+00 -9.878057e-01 -8.465387e-03 7.210477e-02 1.913528e-04 -2.232850e-02 7.915846e-04
4.102980e+00 4.154058e-01 1.572149e-01 -2.756008e-02 -1.114924e-02 2.945941e-02 3.085858e-03
1.888767e+00 3.088486e-01 1.275563e-01 -8.629821e-02 -1.506344e-02 3.647267e-02 -2.094853e-03
9.136784e+00 -1.474495e-02 -2.875265e-02 -6.097130e-03 1.240799e-01 -6.363074e-02 2.206619e-03
8.091752e+00 -8.099974e-02 -5.766770e-03 9.806855e-03 5.441178e-03 -7.642650e-02 -2.975968e-03
8.238162e+00 -6.789517e-02 -1.210812e-01 7.453805e-03 4.906071e-02 -2.751035e-02 -3.530574e-04
7.922677e+00 1.831798e-01 3.929194e-01 2.275135e-02 -3.324128e-02 1.549715e-02 1.384400e-03
9.406388e+00 -7.756169e-01 -1.033725e-01 -1.840554e-01 3.473852e-03 -2.606476e-02 3.590860e-04
2.807877e+00 1.565291e-01 8.651485e-01 -4.093916e-02 -2.444216e-02 4.422259e-03 6.996719e-04
5.078973e-01 -5.329447e-02 -2.302319e-01 6.704274e-02 4.140853e-02 -9.585316e-03 -1.021506e-03
6.119329e+00 -3.220722e-01 -3.497482e-01 4.238208e-02 2.659073e-02 -2.448657e-02 -1.593009e-04
6.032744e+00 2.015108e-01 5.529630e-01 -3.221388e-02 -3.089131e-02 1.125741e-02 9.815405e-04
4.485516e+00 3.211488e-01 3.696921e-03 3.590937e-02 -4.246432e-04 3.688843e-02 -1.896859e-03
4.183014e+00 -3.926331e-01 -5.965621e-01 -3.759346e-02 2.262036e-02 -1.488781e-02 -1.870501e-04
1.633257e+00 1.753332e-02 -4.761409e-01 4.430528e-02 3.514009e-02 1.293992e-03 -2.127457e-04
5.096897e+00 7.545568e-01 -1.787701e-01 -9.560309e-03 5.351682e-03 2.258850e-02 9.523501e-04
8.327554e+00 -6.812355e-02 -2.788890e-02 -9.298573e-04 3.527387e-02 -8.616265e-02 1.857952e-03
5.945427e+00 -3.328808e-02 -7.168094e-01 -9.820434e-02 2.566936e-02 -1.192065e-03 -4.719399e-04
8.140673e+00 2.111410e-01 -1.751004e-01 1.132838e-02 2.422208e-02 2.920767e-02 -2.331610e-03
7.199056e-01 4.597510e-01 -7.810906e-01 3.512040e-02 1.955394e-02 1.150948e-02 2.484869e-03
6.214709e+00 6.710840e-01 9.291218e-02 -9.975883e-02 -3.401930e-03 2.457139e-02 -3.029997e-03
3.627641e+00 -3.668307e-01 8.383598e-01 -1.544919e-01 -2.270217e-02 -9.933507e-03 3.244211e-04
8.635563e+00 -3.697289e-01 9.275431e-01 -1.635233e-02 -2.084061e-02 -8.307296e-03 6.636498e-04
4.000438e+00 3.515483e-01 -8.619049e-01 7.418463e-02 2.281755e-02 9.306679e-03 -1.338172e-03
6.853570e+00 2.755929e-01 -9.394365e-01 -2.258989e-02 1.918313e-02 5.627559e-03 -2.999014e-04
3.890050e+00 -6.974873e-01 2.392827e-02 -1.042940e-01 -9.283128e-04 -2.705948e-02 1.272991e-03
8.959826e-01 2.484444e-01 8.284060e-01 -4.197955e-02 -2.368303e-02 7.102697e-03 2.257535e-04
2.967863e+00 2.603683e-01 4.488184e-01 -1.137975e-02 -2.966624e-02 1.720996e-02 -1.725392e-03
2.120185e+00 3.065806e-01 5.883886e-01 -2.921606e-03 -2.635811e-02 1.373393e-02 -1.212966e-04
9.702497e+00 1.681493e-01 9.106748e-02 2.632653e-02 -2.209327e-02 4.079357e-02 -4.831191e-04
4.489948e+00 2.975817e-01 7.022029e-01 -3.922751e-02 -2.459240e-02 1.042184e-02 1.639237e-03
7.442826e+00 4.358622e-01 1.306312e-01 -1.394931e-02 -1.034710e-02 3.452398e-02 9.388863e-04
7.195120e+00 -7.920877e-01 4.069057e-01 1.213395e-02 -1.080868e-02 -2.104031e-02 5.487317e-04
8.167014e+00 -3.653390e-01 -5.244884e-01 2.514965e-02 2.580347e-02 -1.797373e-02 -1.433255e-03
8.243894e+00 8.668621e-01 2.936624e-01 6.110965e-02 -7.397389e-03 2.183635e-02 1.102854e-03
6.271886e-01 -7.326554e-02 -4.517117e-01 3.430231e-02 2.943505e-02 -4.774229e-03 -2.580368e-03
2.412456e+00 -7.355327e-01 -6.067185e-01 -8.707043e-02 1.531306e-02 -1.856423e-02 6.552610e-04
7.201364e+00 7.768082e-02 -1.940122e-01 -7.972753e-03 5.068760e-02 2.029488e-02 1.490838e-03
6.895806e+00 -7.242826e-01 -4.944907e-03 5.640718e-02 1.918840e-04 -2.810533e-02 -1.165447e-03
6.250299e+00 -6.959065e-01 2.793136e-01 -5.700899e-02 -8.773176e-03 -2.185826e-02 -2.066053e-04
8.180309e+00 -1.894286e-01 -1.025569e-01 -3.024019e-02 2.265233e-02 -4.184019e-02 -1.674613e-03
9.901989e+00 4.041106e-01 6.782839e-01 -3.054444e-02 -2.456248e-02 1.463393e-02 8.524498e-04
7.444619e+00 -1.474467e-01 -4.884730e-02 -1.836167e-02 1.988027e-02 -6.000906e-02 1.974303e-03
4.673749e+00 7.969049e-02 -4.003593e-01 -1.427648e-02 3.496032e-02 6.958762e-03 2.339413e-03
8.729544e+00 -3.326505e-01 -3.583584e-02 2.317554e-02 4.375426e-03 -4.061543e-02 -1.884652e-03
2.332631e+00 -4.167714e-01 1.379070e-03 -4.166353e-02 -1.151626e-04 -3.480349e-02 -1.986293e-03
3.322350e+00 -1.628510e-01 3.358276e-01 1.538913e-02 -3.317806e-02 -1.608885e-02 -1.026294e-03
8.392862e+00 -1.269014e-02 3.589676e-02 5.446242e-04 -1.016955e-01 -3.595118e-02 -2.001765e-03
4.118111e+00 -1.897978e-01 -6.250570e-02 7.753774e-03 1.409767e-02 -4.280742e-02 -3.395340e-03
5.675389e+00 4.041855e-01 2.243506e-01 1.332207e-01 -1.399076e-02 2.520547e-02 2.039941e-03
8.599209e+00 9.913578e-02 -3.278411e-01 -4.767310e-02 4.055330e-02 1.226290e-02 1.076777e-03
6.073117e+00 1.932381e-01 -2.827068e-02 7.274830e-03 8.169819e-03 5.584303e-02 2.371612e-03
1.538014e+00 -5.362878e-02 2.368816e-01 9.700517e-03 -4.381370e-02 -9.919194e-03 3.425366e-03
2.227352e+00 -1.728015e-01 1.021624e-01 2.508715e-02 -2.681959e-02 -4.536370e-02 -4.193857e-03
6.376021e+00 4.536735e-01 2.569747e-01 -2.312141e-02 -1.610134e-02 2.842596e-02 -6.265318e-04
6.545956e+00 -4.942034e-01 6.453925e-02 3.258449e-03 -4.104521e-03 -3.143000e-02 -1.236795e-03
3.786324e+00 6.030799e-01 -1.026611e-01 3.241693e-02 4.353790e-03 2.557623e-02 2.648592e-03
6.656992e+00 -1.183583e-01 2.311286e-02 -1.220464e-03 -1.091390e-02 -5.588882e-02 3.664898e-03
6.429712e+00 3.433213e-01 1.172063e-01 -2.348163e-02 -1.288147e-02 3.773246e-02 9.046615e-04
7.935599e+00 -2.442456e-01 -5.566203e-01 2.242461e-02 2.700316e-02 -1.184902e-02 -1.577818e-03
7.046256e+00 1.878687e-01 6.528466e-01 9.676461e-03 -2.853688e-02 8.212016e-03 -1.209861e-03
7.380660e+00 -4.948827e-01 -4.686213e-02 -4.601780e-02 3.058274e-03 -3.229659e-02 -1.816501e-03
5.934265e+00 5.200345e-01 -3.287766e-01 -4.466804e-02 1.404848e-02 2.222086e-02 9.725198e-04
8.729314e-01 -4.977539e-01 7.854312e-01 1.268870e-01 -2.050352e-02 -1.299377e-02 -7.207193e-04
2.938261e+00 1.305570e-01 -8.245375e-01 -1.174282e-01 2.304250e-02 3.648543e-03 1.749776e-03
2.365514e+00 4.637277e-01 -6.166397e-01 -1.574155e-01 1.965666e-02 1.478228e-02 2.446919e-03
2.733906e+00 -2.987016e-01 -1.868848e-01 -2.328577e-02 1.815448e-02 -2.901666e-02 4.214185e-04
6.425678e+00 1.044187e-02 -6.210860e-02 2.439735e-03 8.101582e-02 1.362060e-02 -2.649897e-03
4.649634e+00 7.036157e-01 5.110598e-01 3.328538e-02 -1.544437e-02 2.126347e-02 -1.126435e-04
1.531195e+00 -4.153398e-01 -1.571285e-01 -3.170356e-03 1.210451e-02 -3.199600e-02 -8.617091e-04
9.748949e+00 -4.564554e-01 -2.203233e-01 -6.714987e-02 1.484440e-02 -3.075391e-02 -2.064818e-03
8.213002e-01 -8.586474e-02 -1.908517e-01 -1.526687e-02 4.553570e-02 -2.048665e-02 -4.196842e-03
9.555436e+00 5.356978e-01 5.590885e-01 7.580277e-02 -1.995798e-02 1.912299e-02 2.160700e-03
8.792232e+00 -4.315693e-01 -3.388985e-01 -1.272060e-02 1.788428e-02 -2.277468e-02 -1.233533e-03
3.263161e+00 -3.671529e-01 2.400026e-01 -2.820574e-02 -1.660996e-02 -2.540971e-02 9.821051e-05
2.072120e+00 4.330612e-01 -4.223807e-01 4.842396e-02 1.984140e-02 2.034312e-02 -4.935447e-04
4.260752e+00 -4.591988e-03 4.218265e-02 -3.837194e-03 -1.112717e-01 -1.211300e-02 -6.056935e-03
7.462273e+00 -7.840473e-02 -9.946281e-01 2.318757e-02 2.226297e-02 -1.754949e-03 -5.792276e-04
2.657456e+00 -1.767067e-01 -9.838047e-01 1.145282e-01 1.963070e-02 -3.525980e-03 -1.213754e-03
3.579300e+00 3.999236e-01 -8.757977e-01 1.490130e-01 2.273112e-02 1.037992e-02 -3.063805e-04
8.472846e+00 -2.089193e-01 1.083080e-01 9.763282e-03 -1.989985e-02 -3.838554e-02 -2.752756e-03
2.792838e+00 1.448531e-01 2.074662e-01 -2.686894e-02 -3.794422e-02 2.649269e-02 -4.045684e-04
4.936642e+00 2.855714e-01 -8.674963e-01 1.661900e-01 2.285719e-02 7.524366e-03 1.359834e-04
6.193263e-01 1.343351e-01 3.941836e-01 -1.242624e-02 -2.938353e-02 1.001371e-02 -4.269759e-05
8.896459e+00 -3.003990e-01 -2.349223e-01 -1.385773e-02 2.250023e-02 -2.877141e-02 -3.169623e-05
5.987560e+00 -9.013644e-03 -3.264352e-01 1.639609e-02 4.002473e-02 -1.105177e-03 -3.021943e-03
4.019730e+00 -1.377767e-02 8.326688e-02 8.574866e-03 -8.140304e-02 -1.346927e-02 9.959774e-04
6.156729e+00 1.932946e-02 3.735468e-02 3.060489e-03 -1.014804e-01 5.251179e-02 -4.275509e-03
9.316954e+00 3.873815e-01 5.128073e-02 -3.681933e-02 -4.897243e-03 3.699443e-02 1.209023e-03
3.181649e+00 1.322624e-01 1.626392e-01 -3.674456e-04 -4.356194e-02 3.542570e-02 -1.232653e-03
1.021803e+00 7.135505e-01 6.824294e-01 -9.193377e-02 -1.763002e-02 1.843400e-02 8.868142e-04
1.579891e+00 8.750641e-01 6.646941e-02 -4.613898e-02 -1.944437e-03 2.559834e-02 -9.893896e-04
3.239098e+00 -8.381823e-01 -4.764001e-01 -1.601619e-01 1.174127e-02 -2.065769e-02 1.055672e-03
8.350686e+00 -3.837043e-02 1.380858e-01 -1.570568e-03 -6.530259e-02 -1.814588e-02 -1.619097e-03
1.879939e+00 -8.288374e-01 1.003654e-01 -5.752856e-02 -2.720078e-03 -2.246295e-02 1.136063e-03
9.569021e-01 7.433730e-02 6.454799e-02 -1.489745e-02 -4.834762e-02 5.567999e-02 -2.673749e-03
6.083580e+00 3.377713e-01 3.373615e-02 -1.547033e-02 -3.489360e-03 3.493598e-02 -2.317853e-04
4.409857e+00 -4.163443e-01 1.862991e-01 2.232152e-02 -1.248661e-02 -2.790530e-02 -8.577721e-04
6.862789e+00 -6.581287e-01 -4.340268e-01 -5.958840e-02 1.234297e-02 -1.871603e-02 -1.500310e-03
7.390832e-01 8.422035e-01 -4.408512e-01 9.496888e-02 1.007872e-02 1.925442e-02 -3.342964e-04
7.476589e-01 -3.337437e-02 6.193124e-01 9.089590e-03 -3.092882e-02 -1.666736e-03 1.033650e-03
6.390990e+00 4.118939e-03 -9.602799e-02 -3.193828e-03 6.467234e-02 2.773998e-03 2.786965e-03
9.321978e+00 -4.997299e-01 -9.131950e-02 5.083611e-02 6.276474e-03 -3.434690e-02 2.753216e-05
6.936973e-01 5.178816e-01 6.456967e-02 -4.161707e-02 -3.384414e-03 2.714472e-02 -2.091328e-03
2.393218e+00 -2.422537e-01 -9.068608e-01 1.021551e-01 2.118161e-02 -5.658336e-03 9.932437e-04
6.340048e+00 2.432860e-01 6.894019e-01 6.214280e-02 -2.467449e-02 8.707488e-03 -1.730496e-03
5.885546e+00 5.054486e-02 -1.793241e-01 -1.878664e-02 4.645759e-02 1.309469e-02 7.520921e-04
9.490373e+00 6.927525e-02 8.518960e-01 -4.210453e-02 -2.438169e-02 1.982692e-03 -4.907656e-05
7.986573e+00 -4.003243e-01 -1.646670e-01 2.957020e-02 1.292233e-02 -3.141567e-02 8.061744e-04
2.402693e+00 -7.837539e-01 6.065451e-01 -4.421896e-02 -1.341885e-02 -1.733931e-02 1.661611e-03
7.165742e-01 2.437432e-03 7.076843e-02 5.243633e-03 -8.733650e-02 3.008075e-03 7.945032e-04
4.562467e+00 -4.616527e-01 4.897153e-01 -1.398413e-01 -2.066133e-02 -1.947735e-02 2.236163e-03
4.481872e+00 4.944071e-01 -5.115763e-01 -1.190645e-02 1.684168e-02 1.627646e-02 -1.514104e-04
1.490947e+00 3.496271e-01 4.025559e-01 1.916059e-02 -2.554196e-02 2.218366e-02 -5.353614e-04
5.976309e+00 -6.692381e-01 2.064035e-01 1.071521e-02 -8.464578e-03 -2.744536e-02 5.972238e-04
5.480996e+00 2.572316e-01 -8.061678e-01 -6.324668e-02 2.593698e-02 8.275960e-03 6.657638e-04
8.807916e+00 5.051200e-01 5.269965e-01 5.411293e-02 -2.009116e-02 1.925714e-02 4.436741e-04
7.093077e+00 2.000831e-01 4.083928e-01 -2.251964e-02 -2.929732e-02 1.435358e-02 -1.877484e-03
7.330692e+00 5.942794e-01 4.526979e-01 3.979364e-02 -1.591104e-02 2.088722e-02 -9.177526e-04
1.091296e+00 8.487867e-01 -4.213860e-01 1.863979e-01 9.929208e-03 2.000014e-02 1.727448e-03
7.778695e-01 -1.381456e-01 -6.566974e-01 -4.702257e-03 2.555473e-02 -5.375802e-03 1.668334e-03
2.980153e+00 -3.924390e-02 7.630291e-03 5.039345e-04 -2.272600e-02 -1.168837e-01 1.071090e-02
5.513897e+00 1.280000e-01 -6.923076e-01 5.914254e-02 2.936965e-02 5.430125e-03 6.199584e-04
3.860610e+00 7.865335e-02 -2.605921e-02 -1.237903e-02 2.404658e-02 7.257873e-02 -2.318338e-03
8.026687e+00 2.806478e-01 -2.755483e-01 1.570110e-02 2.698062e-02 2.747994e-02 2.843922e-04
5.189476e+00 6.646446e-01 5.321507e-01 -9.450108e-03 -1.561367e-02 1.950114e-02 3.477095e-04
8.984007e+00 3.840091e-01 -5.517359e-01 8.530990e-02 2.342689e-02 1.630515e-02 -1.243325e-03
5.997419e+00 -5.113624e-02 8.224243e-01 -2.408902e-02 -2.790934e-02 -1.735331e-03 -2.339125e-03
6.771274e+00 -1.544747e-01 -8.608605e-01 -8.398989e-02 2.266269e-02 -4.066642e-03 3.916359e-04
2.317950e+00 4.843063e-01 -7.997827e-01 2.654414e-02 2.225720e-02 1.347779e-02 2.246993e-03
8.404321e+00 6.080420e-01 -2.052393e-01 -2.957726e-02 9.655393e-03 2.860507e-02 -1.866857e-03
2.685447e+00 1.065157e-01 8.587034e-01 1.080730e-02 -2.645824e-02 3.281945e-03 -7.927291e-04
7.544184e+00 -1.500446e-01 2.062898e-01 -2.797234e-03 -4.042675e-02 -2.940434e-02 1.982210e-04
4.929925e+00 3.973776e-02 1.221021e-02 -4.747943e-03 -3.354727e-02 1.091786e-01 -9.299381e-04
5.041486e+00 -4.641091e-02 -9.802913e-02 -3.005123e-03 6.086012e-02 -2.881361e-02 -3.451482e-03
3.574886e+00 -8.813107e-02 -2.206819e-02 -1.303054e-02 1.921988e-02 -7.675611e-02 -1.287444e-03
2.444620e+00 -7.453241e-03 -5.972655e-01 3.390447e-02 3.145681e-02 -3.925477e-04 6.260060e-04
8.134290e+00 8.664939e-01 2.757795e-01 -2.440235e-03 -6.454750e-03 2.028070e-02 -3.159898e-04
4.222361e+00 1.619052e-01 -6.177271e-02 1.139854e-02 2.145925e-02 5.624431e-02 1.154723e-03
7.992669e+00 6.118316e-02 -9.808787e-02 4.040557e-03 6.281240e-02 3.917978e-02 -1.942851e-03
7.729694e+00 -3.615432e-01 7.135746e-02 -4.791276e-02 -6.590035e-03 -3.338940e-02 2.346423e-06
4.717190e+00 -7.941744e-03 2.526307e-03 -7.701082e-04 -7.500699e-02 -2.357933e-01 -2.478066e-03
7.048773e+00 -5.649463e-02 -8.858894e-02 -1.377724e-02 5.861833e-02 -3.738187e-02 -2.946212e-03
1.391422e+00 -6.748708e-01 -7.018416e-01 -1.542689e-02 1.522605e-02 -1.464093e-02 1.004521e-03
9.408918e+00 4.684973e-02 -1.931747e-01 -1.844271e-03 4.390867e-02 1.064896e-02 3.646570e-03
8.716898e+00 2.581908e-01 -6.770371e-01 6.063304e-02 2.368220e-02 9.031302e-03 1.438518e-04
2.136073e+00 -2.271419e-01 6.466957e-01 4.318233e-02 -2.582464e-02 -9.070507e-03 -9.717646e-04
9.480001e+00 -5.705730e-02 -4.931643e-01 6.246965e-02 3.544011e-02 -4.100290e-03 1.988295e-03
2.766925e+00 -3.575931e-01 1.187225e-01 4.619259e-03 -1.121949e-02 -3.379319e-02 -1.883310e-03
9.856324e+00 -1.855476e-01 3.302142e-02 -1.722549e-02 -8.894302e-03 -4.997716e-02 3.155585e-03
5.849798e+00 7.952403e-01 2.686118e-01 5.552012e-02 -8.627376e-03 2.554183e-02 1.772884e-03
6.271152e+00 6.516102e-01 3.354794e-01 -5.978391e-02 -1.186019e-02 2.303636e-02 -1.419058e-03
3.467479e+00 6.260702e-02 -1.608360e-01 3.075106e-02 5.675796e-02 2.209361e-02 1.132595e-03
2.896845e+00 -5.438733e-01 -9.184428e-02 7.135804e-02 4.626964e-03 -2.739945e-02 5.415091e-04
6.924960e+00 2.079970e-01 -6.980160e-01 -9.642560e-02 2.725099e-02 8.120335e-03 -2.123239e-03
2.105157e+00 -2.359935e-01 2.349658e-01 -8.302702e-02 -2.783250e-02 -2.795424e-02 -7.069546e-04
3.482667e+00 -1.843456e-01 4.783560e-01 9.285869e-04 -2.680530e-02 -1.033004e-02 -3.902390e-04
4.413508e+00 1.418038e-03 -1.792461e-01 9.114347e-03 5.552666e-02 4.392784e-04 9.428778e-04
2.632326e+00 2.628405e-03 8.838294e-02 6.542750e-04 -8.279818e-02 2.462321e-03 3.323497e-03
1.096688e+00 3.757003e-02 6.162353e-01 8.266050e-03 -3.077071e-02 1.875999e-03 2.427331e-03
6.010771e+00 2.350287e-01 -3.613633e-01 -5.301767e-03 3.208991e-02 2.087110e-02 3.541873e-03
5.318643e+00 2.507634e-02 -3.467470e-02 -4.317717e-04 9.172679e-02 6.633573e-02 -7.004256e-03
4.005811e+00 -2.158936e-01 1.673071e-01 1.814666e-02 -2.787567e-02 -3.597084e-02 -3.587624e-03
5.677793e-01 1.411890e-01 8.184890e-02 1.472796e-02 -2.930323e-02 5.054795e-02 3.140738e-04
3.940608e+00 -5.272793e-01 8.537911e-02 8.528750e-02 -4.796268e-03 -2.962051e-02 9.248590e-04
2.137543e+00 5.855393e-01 4.571676e-01 -1.020482e-01 -1.795540e-02 2.299724e-02 7.100769e-04
8.649541e+00 1.381254e-01 1.197124e-01 -4.147691e-02 -3.585181e-02 4.136619e-02 -8.598661e-04
8.356081e+00 -1.299870e-01 -1.286046e-01 -6.202571e-03 4.048853e-02 -4.092376e-02 1.205154e-03
7.487852e+00 2.103261e-01 3.084796e-01 -1.144451e-02 -3.430162e-02 2.338737e-02 -5.826588e-04
3.833939e+00 2.447912e-02 1.192784e-01 1.056483e-02 -5.568286e-02 1.142761e-02 -2.793191e-03
4.261573e+00 -8.333449e-01 -5.034826e-01 8.640380e-03 1.199617e-02 -1.985559e-02 -1.945678e-03
9.829043e+00 -9.045495e-02 -6.497066e-01 5.480063e-02 2.691301e-02 -3.746946e-03 -3.060881e-04
8.866979e+00 -8.421509e-01 -3.713118e-01 2.976366e-02 8.910355e-03 -2.020906e-02 -4.757251e-04
5.383898e+00 4.434535e-02 -2.846604e-01 -5.598413e-03 3.719730e-02 5.794720e-03 2.697234e-03
8.091093e+00 -1.227643e-01 -3.938358e-01 4.744604e-02 3.784484e-02 -1.179678e-02 8.451969e-04
1.864991e+00 9.255441e-01 -1.418523e-01 1.196250e-01 3.875168e-03 2.528432e-02 1.461379e-03
2.606925e+00 -1.345803e-01 -1.976509e-01 -2.821400e-02 4.206986e-02 -2.864533e-02 1.500510e-03
9.561480e+00 1.045664e-01 -1.095472e-02 1.468775e-02 6.437524e-03 6.144825e-02 6.249426e-04
8.446273e+00 5.035784e-01 1.416149e-01 -7.854672e-02 -7.873690e-03 2.799862e-02 3.454223e-03
9.439579e+00 -2.650165e-02 1.237320e-01 -1.010142e-02 -6.769590e-02 -1.449951e-02 1.582105e-03
2.897146e+00 -1.548034e-01 5.605467e-01 2.400773e-02 -2.781646e-02 -7.681935e-03 1.471179e-04
8.084031e+00 -1.433026e-01 5.292752e-01 -6.845859e-02 -2.951746e-02 -7.991929e-03 -2.379393e-03
3.527288e+00 -4.404276e-01 3.250040e-01 7.758647e-02 -2.021973e-02 -2.740067e-02 -5.060849e-03
8.928592e+00 2.343559e-01 -1.617559e-01 -1.515328e-03 2.315579e-02 3.354868e-02 -8.144022e-04
7.614151e+00 1.337478e-01 8.613116e-01 8.592919e-03 -2.469051e-02 3.834037e-03 -7.062422e-05
6.326117e+00 -2.842990e-02 -4.767447e-02 5.090856e-03 9.304676e-02 -5.548693e-02 -4.821983e-03
2.791692e+00 -6.901972e-01 1.471532e-01 1.347915e-01 -6.316855e-03 -2.962815e-02 1.555897e-03
8.829205e+00 4.831071e-01 2.271553e-01 6.819485e-05 -1.231703e-02 2.619548e-02 -2.867283e-04
3.815311e+00 -5.987662e-01 9.952351e-02 -8.357841e-02 -4.232968e-03 -2.546692e-02 -4.250720e-04
6.743340e-01 4.918676e-01 -3.095210e-01 -1.961820e-03 1.683530e-02 2.675341e-02 -2.019547e-03
1.299444e+00 3.408911e-01 -8.382461e-01 1.564839e-01 2.252270e-02 9.159347e-03 3.244806e-04
7.292025e+00 -5.502394e-01 -4.460337e-01 2.799921e-02 1.681974e-02 -2.074929e-02 9.415755e-04
9.101358e+00 -6.906990e-01 1.297421e-01 -2.010269e-02 -5.651808e-03 -3.008813e-02 -8.595104e-04
8.142255e+00 9.501277e-02 -2.144022e-01 4.816191e-04 4.383513e-02 1.942563e-02 5.815563e-04
5.569409e-01 -6.425971e-01 -2.877551e-01 -2.123179e-02 1.145054e-02 -2.557064e-02 4.317306e-03
3.762547e+00 -6.039894e-01 1.571177e-01 1.074571e-01 -6.661454e-03 -2.560787e-02 -2.735118e-03
4.172880e+00 6.605174e-03 9.404379e-01 8.174278e-03 -2.588541e-02 1.818064e-04 6.302225e-04
8.830712e+00 1.617913e-01 9.606175e-01 1.336868e-01 -2.192745e-02 3.693115e-03 -9.173406e-05
9.123190e+00 -4.506115e-01 4.527532e-01 -7.254207e-02 -1.987844e-02 -1.978441e-02 -1.492530e-04
5.781169e+00 -3.503216e-01 -8.804276e-01 3.911505e-02 2.057695e-02 -8.187555e-03 -1.178455e-03
8.793982e+00 -4.160449e-02 7.073702e-02 -2.195926e-03 -7.402878e-02 -4.354056e-02 5.122836e-03
4.765851e+00 -2.506173e-01 -3.745490e-01 4.064732e-02 2.564332e-02 -1.715839e-02 -2.495268e-03
2.347157e+00 -3.667407e-01 7.525418e-01 1.259834e-01 -2.440505e-02 -1.189346e-02 -8.735841e-04
5.126996e+00 4.349178e-01 -6.198469e-01 -3.556195e-02 2.220511e-02 1.558029e-02 6.751471e-04
9.358809e+00 2.711865e-01 -5.949789e-02 -3.878297e-02 8.897417e-03 4.055369e-02 -1.909324e-04
9.598099e+00 1.006405e-01 -8.495989e-03 3.546280e-03 6.578044e-03 7.792117e-02 1.225337e-03
6.924799e+00 -1.343877e-03 4.986201e-05 -1.682587e-04 -2.122886e-02 -5.721586e-01 -5.119138e-02
6.495408e+00 -1.459642e-01 -3.963311e-02 -1.382575e-03 1.690743e-02 -6.226812e-02 -5.477824e-03
2.294560e+00 -2.314992e-01 -6.809771e-01 -8.455127e-02 2.594145e-02 -8.818833e-03 2.583802e-04
3.912588e+00 1.193730e-02 -7.207425e-03 -9.514494e-04 8.986092e-02 1.488322e-01 5.084919e-03
6.248733e-01 2.430975e-01 3.566695e-01 3.130365e-02 -2.884620e-02 1.966089e-02 1.019142e-03
5.454721e+00 3.392625e-02 -1.695820e-01 3.015114e-02 4.634105e-02 9.270901e-03 3.788978e-03
1.021423e+00 2.398580e-01 1.746990e-01 -4.938546e-03 -2.772132e-02 3.806079e-02 -2.763570e-03
8.390310e+00 -4.459776e-01 -7.556650e-02 -5.635823e-03 4.910982e-03 -2.898358e-02 -4.580053e-04
3.522909e+00 4.812907e-01 -3.509384e-01 4.562887e-02 1.917192e-02 2.629312e-02 8.869375e-04
6.610437e+00 -1.732728e-01 2.735610e-02 -2.024925e-02 -8.378204e-03 -5.306732e-02 1.002452e-03
4.449793e+00 5.166682e-02 4.307433e-03 -3.259763e-03 -8.946369e-03 1.073100e-01 4.811315e-03
8.565727e+00 -1.100345e-01 -2.897942e-01 -2.861598e-02 3.433434e-02 -1.303670e-02 4.383631e-04
3.545660e+00 -9.417789e-02 -8.560036e-01 -1.534902e-01 2.733561e-02 -3.007476e-03 -4.841300e-04
1.624655e+00 6.456510e-01 -3.754891e-01 -1.336260e-01 1.167671e-02 2.007803e-02 5.308858e-04
9.542428e+00 -5.714620e-02 -2.601114e-02 7.451166e-03 3.512752e-02 -7.717480e-02 4.746749e-03
8.282264e+00 3.189739e-01 1.202340e-01 3.949227e-03 -1.450166e-02 3.847207e-02 -5.039640e-04
4.850078e+00 -1.205969e-02 7.634641e-03 1.333813e-03 -1.059531e-01 -1.673636e-01 6.311114e-03
9.479060e+00 -1.570064e-01 1.519616e-02 6.409052e-03 -4.954885e-03 -5.119375e-02 6.492411e-04
3.852712e+00 -1.361113e-01 -4.842449e-01 -1.687433e-02 3.290472e-02 -9.248841e-03 3.623893e-05
7.043988e+00 -2.155375e-01 -1.363650e-01 -1.965848e-02 2.456537e-02 -3.882784e-02 -3.346938e-03
4.124265e+00 9.411482e-02 -2.681203e-01 3.284687e-02 4.476061e-02 1.571174e-02 2.263060e-04
6.431741e+00 6.135188e-03 -2.539498e-02 -3.074483e-03 1.484557e-01 3.586551e-02 9.544018e-03
6.920373e+00 -6.914421e-01 7.123763e-01 -3.904601e-02 -1.629239e-02 -1.581361e-02 1.106936e-03
8.147654e+00 -3.424105e-01 4.526029e-02 -3.578489e-02 -4.837890e-03 -3.660040e-02 3.183147e-03
3.090534e+00 3.061346e-02 -2.895115e-02 -6.313726e-03 7.598968e-02 8.035285e-02 -6.033810e-04
4.936216e+00 -2.130367e-01 7.284547e-01 -8.965483e-02 -2.706245e-02 -7.914418e-03 -2.054299e-03
9.012033e+00 -4.840704e-01 -4.467618e-01 8.814595e-02 1.933876e-02 -2.095372e-02 1.763394e-03
9.358772e+00 -9.392184e-01 -2.621095e-01 8.655982e-02 6.975227e-03 -2.499438e-02 -1.406775e-03
2.248365e+00 3.609583e-01 -9.053624e-01 -1.529755e-01 2.314254e-02 9.226684e-03 1.586927e-04
5.706703e+00 4.033824e-01 8.619607e-01 -1.015188e-01 -2.096847e-02 9.812874e-03 -1.267229e-03
3.926936e+00 3.086881e-01 4.079357e-01 2.040359e-02 -2.446358e-02 1.851178e-02 -4.125514e-04
1.737753e+00 -9.710394e-01 2.811626e-02 4.077468e-03 -6.670842e-04 -2.303881e-02 -1.311063e-04
6.757298e+00 2.968365e-01 2.978863e-01 2.679732e-02 -2.649321e-02 2.639985e-02 -2.610326e-03
9.301833e+00 -2.104633e-01 -8.694541e-01 5.839835e-02 2.034080e-02 -4.923770e-03 3.062569e-04
5.734948e+00 1.312725e-01 4.028815e-01 6.186768e-02 -3.122113e-02 1.017290e-02 -4.581104e-04
8.116939e+00 4.270021e-01 -2.894749e-01 3.436714e-03 1.939687e-02 2.861217e-02 1.170606e-03
9.651802e+00 -1.497674e-01 1.173757e-01 -3.908488e-03 -3.371032e-02 -4.301322e-02 3.013105e-03
5.273045e+00 1.277123e-01 4.588728e-02 2.020129e-02 -2.270254e-02 6.318514e-02 -5.224046e-04
7.294897e+00 -2.465896e-01 5.238501e-01 7.688032e-02 -2.945422e-02 -1.386485e-02 -3.725925e-04
2.481584e+00 4.799632e-02 -3.049552e-01 -4.077087e-03 3.770403e-02 5.934165e-03 -1.313559e-03
6.478944e+00 -2.177205e-02 1.545750e-02 3.264604e-03 -8.987645e-02 -1.265919e-01 -4.457550e-03
8.354277e+00 4.013106e-01 -3.372555e-01 8.384722e-02 1.759280e-02 2.093421e-02 2.174687e-03
6.354418e+00 -8.923036e-01 -2.345158e-01 -8.255687e-03 6.489210e-03 -2.469064e-02 -1.132832e-03
7.061308e+00 4.527610e-01 8.770134e-01 2.276741e-01 -1.909138e-02 9.855986e-03 1.106271e-04
4.086411e+00 5.393199e-01 4.322156e-01 -2.046451e-02 -1.546596e-02 1.929847e-02 1.175202e-03
8.549150e+00 -4.774918e-01 -1.602207e-01 -2.319927e-04 1.058379e-02 -3.154196e-02 2.776450e-03
1.644787e+00 1.282759e-01 2.857330e-01 3.348264e-02 -3.383338e-02 1.518903e-02 2.512288e-04
5.481494e+00 -6.278545e-01 -1.669842e-01 1.095023e-01 7.660301e-03 -2.880245e-02 8.686291e-05
9.151477e+00 2.617995e-01 -5.381125e-01 2.046464e-02 2.545081e-02 1.238218e-02 -1.771273e-03
7.395514e+00 -6.505710e-02 -5.266253e-01 -3.179965e-02 3.284298e-02 -4.057286e-03 -2.128659e-03
5.492168e+00 -8.410723e-01 7.024714e-02 -1.169386e-01 -1.893537e-03 -2.267141e-02 9.581595e-04
1.357269e+00 -7.230706e-01 6.730679e-01 -3.817955e-03 -1.569903e-02 -1.686532e-02 -7.103779e-04
9.392681e+00 -1.014871e-01 3.444024e-02 -8.222300e-03 -2.510883e-02 -7.398969e-02 -3.522248e-03
4.579383e+00 -8.034937e-02 7.067081e-01 4.127618e-02 -2.766028e-02 -3.144843e-03 -2.210576e-04
8.009095e+00 5.286983e-01 8.159930e-01 -6.554403e-02 -1.765388e-02 1.143830e-02 1.379153e-03
5.316208e+00 5.935285e-02 -1.143792e-02 -9.725453e-05 1.968077e-02 1.021260e-01 6.547257e-03
3.310171e+00 5.549331e-01 4.958141e-01 -7.920789e-02 -1.673396e-02 1.872925e-02 1.710237e-04
3.827782e+00 4.579968e-02 -1.652930e-02 1.835746e-03 3.504690e-02 9.710858e-02 -3.462949e-03
5.854092e+00 1.328932e-01 -4.318160e-03 -5.934893e-03 1.832736e-03 5.640325e-02 1.949140e-03
3.695169e+00 6.055397e-01 -6.306524e-01 -1.685014e-02 1.836962e-02 1.763813e-02 -2.836875e-03
1.613742e+00 7.474458e-01 6.004163e-01 -1.185496e-01 -1.608240e-02 2.002065e-02 -1.664206e-03
6.799075e+00 -6.239830e-02 4.857904e-01 -8.134754e-03 -3.312164e-02 -4.254374e-03 1.334682e-03
6.094040e+00 2.040474e-01 5.184880e-01 6.470436e-02 -2.522655e-02 9.927736e-03 2.386860e-04
6.637104e+00 1.359093e-02 4.835954e-01 7.000831e-02 -3.397653e-02 9.548737e-04 -3.106842e-03
9.896787e+00 -5.487893e-01 -2.851653e-01 -2.581503e-02 1.390269e-02 -2.675517e-02 -1.065317e-03
7.749931e+00 2.809116e-01 5.476006e-01 -1.829297e-02 -2.731807e-02 1.401380e-02 -4.388784e-04
3.928423e+00 5.519754e-01 3.294281e-01 1.079059e-01 -1.357430e-02 2.274450e-02 -9.762764e-04
1.689911e+00 -2.450083e-02 1.637622e-02 -3.599345e-04 -8.177819e-02 -1.223502e-01 -1.280746e-03
9.748568e+00 7.759236e-02 -4.677765e-01 -1.237441e-01 3.060834e-02 5.077155e-03 2.601738e-03
6.255269e-01 2.283607e-01 -3.119290e-02 -2.032894e-02 6.644546e-03 4.864418e-02 -1.169097e-03
1.088113e+00 -7.348295e-01 -3.217391e-01 -4.116836e-02 1.023321e-02 -2.337193e-02 -9.935842e-04
1.034045e+00 -1.477424e-02 -3.269421e-03 -1.421079e-03 3.710977e-02 -1.676960e-01 8.430003e-03
5.213041e+00 7.664115e-01 -5.933823e-01 9.408155e-02 1.472384e-02 1.901728e-02 4.285958e-04
2.968297e+00 2.083292e-02 -2.158843e-02 2.592461e-03 1.064749e-01 1.027487e-01 -1.540962e-02
1.380442e+00 6.062283e-01 -3.480052e-01 -3.304342e-03 1.315092e-02 2.290903e-02 2.215672e-03
5.270245e+00 5.704051e-01 -7.161251e-01 8.460965e-02 1.939462e-02 1.544812e-02 -2.719457e-03
8.038065e+00 2.151558e-01 7.365979e-01 -1.115294e-01 -2.329234e-02 6.803554e-03 -1.285031e-03
9.473836e-01 3.049183e-01 -3.185497e-01 3.140932e-02 2.489153e-02 2.382637e-02 -2.548844e-05
6.598159e+00 1.156795e-01 1.426596e-01 -3.248914e-03 -3.801387e-02 3.082461e-02 1.852278e-03
9.843615e+00 -5.504751e-01 3.656766e-01 4.745376e-02 -1.474002e-02 -2.218905e-02 1.396916e-06
6.479124e+00 7.990995e-01 1.199045e-01 1.167917e-01 -3.849130e-03 2.565239e-02 5.107927e-06
3.482353e+00 -7.854222e-02 -1.959834e-01 5.818762e-04 4.469019e-02 -1.791002e-02 4.359642e-03
2.054070e+00 -2.428153e-03 3.761927e-01 5.178446e-02 -3.527658e-02 -2.276943e-04 -1.285562e-04
7.752339e+00 -4.416243e-01 -7.570660e-02 3.741246e-02 5.734447e-03 -3.345113e-02 4.099268e-03
8.786383e+00 5.910092e-01 -2.561369e-01 -5.148700e-02 1.177401e-02 2.716729e-02 1.718658e-03
8.660162e+00 1.222961e-01 -1.861848e-01 5.293462e-02 3.880379e-02 2.548840e-02 2.096091e-03
7.418980e+00 9.303863e-01 8.888677e-02 1.002824e-01 -1.959226e-03 2.050741e-02 1.081446e-04
5.047259e+00 -3.322495e-01 6.458176e-02 4.823930e-02 -7.021765e-03 -3.612441e-02 -3.039852e-03
8.427563e+00 1.982094e-01 -3.372649e-02 -2.008908e-03 7.517737e-03 4.418149e-02 8.252751e-04
6.728407e-01 -1.330034e-01 1.215487e-01 6.157664e-03 -4.039207e-02 -4.419863e-02 6.022735e-05
5.190412e+00 1.975988e-01 4.520723e-02 1.739819e-02 -1.042488e-02 4.556670e-02 2.395902e-03
8.067873e+00 -2.754241e-01 -9.491294e-03 -1.455847e-03 1.500447e-03 -4.354088e-02 2.893557e-03
1.234709e+00 -1.450760e-02 4.041189e-02 5.871031e-03 -1.004288e-01 -3.605326e-02 1.677516e-03
6.527836e+00 3.117876e-01 2.044323e-01 7.174330e-02 -1.977121e-02 3.015384e-02 1.209120e-03
5.069813e+00 5.429052e-02 -7.168157e-01 -1.424821e-02 2.409847e-02 1.825181e-03 -5.635369e-04
6.851701e+00 4.761635e-01 -8.750306e-01 -2.806031e-02 2.179639e-02 1.186090e-02 9.993147e-07
4.860977e+00 2.509965e-01 -2.429454e-01 -3.295464e-03 2.595442e-02 2.681455e-02 -2.774820e-03
1.119129e+00 4.390584e-01 1.918297e-03 5.022775e-03 -1.334331e-04 3.054007e-02 -2.636680e-05
2.214186e+00 -1.279469e-01 -8.967989e-01 4.287859e-02 2.389301e-02 -3.408832e-03 7.726431e-04
5.895184e+00 -2.380074e-01 -4.975892e-01 -7.517132e-03 2.644791e-02 -1.265059e-02 5.619365e-04
9.253405e+00 -2.236636e-01 -7.898479e-01 9.786900e-02 2.566592e-02 -7.267896e-03 -1.966126e-03
2.761838e+00 -1.389019e-01 4.221752e-01 8.675761e-02 -2.844404e-02 -9.358507e-03 5.150152e-05
2.160643e+00 4.322249e-02 1.277971e-01 1.665747e-02 -5.473784e-02 1.851299e-02 -1.608402e-03
8.920402e+00 9.932444e-02 -4.136930e-01 4.308909e-02 3.033265e-02 7.282630e-03 -1.110796e-03
2.714712e+00 1.697428e-01 6.254714e-01 -3.875506e-02 -2.710050e-02 7.354636e-03 2.634961e-03
8.826290e+00 4.897462e-02 2.917335e-01 -3.230671e-02 -4.497023e-02 7.549356e-03 -1.196619e-03
2.609052e+00 -6.581765e-01 6.550420e-01 -2.279630e-02 -1.611841e-02 -1.619554e-02 2.155224e-04
1.437817e+00 -4.588891e-01 -1.428761e-01 -3.463679e-02 1.021000e-02 -3.279245e-02 3.682026e-03
7.792770e+00 -3.147966e-01 -3.870768e-02 -3.162539e-02 4.317791e-03 -3.511515e-02 -3.645488e-03
2.270195e+00 -2.594791e-01 -6.964285e-01 -4.775734e-03 2.225235e-02 -8.290903e-03 1.241498e-03
6.037743e+00 3.262244e-01 -1.611037e-01 -3.487731e-02 1.545952e-02 3.130450e-02 -1.193030e-04
4.706493e+00 5.545465e-01 5.563636e-01 2.815570e-03 -2.009906e-02 2.003341e-02 4.046674e-04
6.570673e+00 -6.645619e-02 5.767456e-01 7.538219e-02 -2.788667e-02 -3.213275e-03 -1.884642e-03
6.187911e+00 6.413122e-01 -2.458814e-01 1.087998e-01 1.023463e-02 2.669416e-02 1.342780e-03
9.285278e+00 -4.426631e-01 3.599015e-02 -3.029741e-02 -2.738838e-03 -3.368651e-02 9.880094e-05
1.204857e+00 1.585007e-01 1.984481e-01 1.810628e-02 -3.148528e-02 2.514732e-02 -1.277296e-03
7.646823e+00 2.251834e-01 6.012758e-01 -3.854330e-02 -2.722728e-02 1.019687e-02 9.073512e-04
6.636910e+00 -3.617810e-02 2.677402e-01 6.412096e-02 -4.401138e-02 -5.946989e-03 -2.494613e-03
3.380696e+00 -7.810289e-02 -7.339355e-01 1.528362e-02 2.938764e-02 -3.127332e-03 -3.096860e-03
8.132322e+00 1.172228e-01 -5.939705e-01 4.327011e-02 2.605762e-02 5.142591e-03 5.274720e-04
4.712123e+00 5.710338e-01 2.314700e-01 -8.379145e-02 -1.009042e-02 2.489296e-02 -6.683520e-04
8.527361e+00 7.775886e-02 7.780982e-02 1.031463e-03 -5.023109e-02 5.019819e-02 -4.521064e-03
6.675482e+00 -1.999173e-01 -8.269446e-01 -3.603345e-02 2.321158e-02 -5.611496e-03 3.903679e-05
7.605881e+00 4.705051e-01 1.987987e-01 -5.280665e-02 -1.295384e-02 3.065840e-02 -1.162380e-03
1.776713e+00 5.800234e-01 2.519456e-01 4.954522e-02 -1.143312e-02 2.632107e-02 -8.785888e-04
7.099997e+00 -7.870770e-01 3.876449e-01 -7.063580e-02 -1.182868e-02 -2.401705e-02 -6.160121e-04
4.228077e+00 2.725622e-01 -2.840233e-01 -2.175244e-02 2.297026e-02 2.204335e-02 -3.012578e-04
7.247382e+00 4.659909e-01 -5.059120e-01 -7.350445e-02 2.114832e-02 1.947953e-02 -3.427912e-05
6.061453e+00 -6.168410e-01 -1.346537e-01 -3.955128e-02 6.704313e-03 -3.071208e-02 -2.063443e-03
6.078565e+00 -1.161034e-01 3.417804e-01 -4.681679e-02 -3.386498e-02 -1.150399e-02 1.202684e-03
8.061682e+00 -1.751655e-01 7.530545e-01 2.216543e-02 -2.764068e-02 -6.429408e-03 -1.408580e-05
1.620342e+00 7.036255e-01 -5.614428e-01 2.330578e-02 1.601587e-02 2.007181e-02 1.289408e-03
5.768614e+00 2.450482e-02 -9.440157e-01 6.431716e-02 2.041603e-02 5.299607e-04 3.957939e-04
9.368024e+00 -3.595729e-02 -8.957749e-01 -6.114332e-02 2.700965e-02 -1.084194e-03 2.350283e-04
2.584238e+00 3.944404e-01 -2.094863e-01 -5.544194e-02 1.548000e-02 2.914719e-02 2.626451e-03
3.341003e+00 2.058624e-01 -5.100101e-01 2.862723e-02 2.970457e-02 1.199007e-02 -1.327329e-03
5.548547e+00 -5.271078e-01 -8.424682e-01 -5.580649e-03 1.942867e-02 -1.215595e-02 -1.255582e-03
1.021767e+00 1.047290e-01 -1.737419e-01 -3.502989e-03 3.900377e-02 2.351089e-02 -2.441289e-03
1.293360e+00 -1.182957e-02 -7.394620e-01 -1.078258e-01 2.763911e-02 -4.421578e-04 1.853760e-03
4.731290e+00 6.685520e-01 1.555582e-01 -8.271450e-03 -6.441827e-03 2.768544e-02 -5.507904e-04
3.286549e+00 9.019989e-03 -5.864711e-02 -5.359820e-03 9.299704e-02 1.430304e-02 2.796489e-03
3.941385e+00 4.239383e-01 -7.752737e-01 1.892875e-01 2.147751e-02 1.174442e-02 8.634214e-04
8.960516e+00 -3.867589e-01 -7.512412e-01 -4.800778e-02 2.241130e-02 -1.153793e-02 -3.401484e-04
3.718870e+00 1.536162e-01 -4.186234e-01 4.182559e-02 3.377754e-02 1.239486e-02 -2.029781e-03
7.010608e+00 1.601143e-03 5.367050e-04 -1.561795e-05 -1.883368e-01 5.618619e-01 -1.724061e-02
9.429305e+00 2.391584e-01 2.256871e-01 -2.601831e-02 -3.030542e-02 3.211437e-02 6.550799e-04
3.209411e+00 -4.106489e-01 -6.714288e-01 3.843282e-03 2.232577e-02 -1.365455e-02 -1.981504e-03
6.430434e+00 7.332021e-01 -2.128247e-02 -5.929422e-02 7.000048e-04 2.411586e-02 -8.332129e-04
3.588123e+00 5.372832e-01 7.554604e-01 1.976490e-02 -1.948581e-02 1.385830e-02 2.417562e-03
9.296368e+00 -2.284006e-01 7.087620e-02 1.748150e-02 -1.282711e-02 -4.133572e-02 -1.039378e-03
8.970633e+00 -2.052800e-02 -1.378992e-01 1.422609e-02 6.042483e-02 -8.994986e-03 2.467244e-03
4.054465e+00 8.601769e-02 6.269114e-02 1.624016e-04 -3.925857e-02 5.386616e-02 1.247833e-03
4.029419e+00 7.249905e-01 6.070896e-01 -4.493313e-02 -1.637858e-02 1.955941e-02 -2.806331e-03
3.423121e+00 -3.464877e-01 -5.601032e-01 -3.823633e-02 2.326533e-02 -1.439226e-02 -1.788413e-03
2.614396e+00 1.577320e-01 -4.840439e-02 9.352073e-03 1.738875e-02 5.666352e-02 5.546884e-04
5.558595e+00 3.697231e-01 -8.250351e-01 -1.443740e-01 2.340825e-02 1.048994e-02 -1.305192e-03
3.224952e+00 1.722761e-01 -1.200410e-01 -2.509643e-02 2.934281e-02 4.211114e-02 2.017206e-03
1.536942e+00 2.648107e-01 -5.079298e-02 -7.061406e-03 7.275712e-03 3.793214e-02 -1.412257e-03
2.112150e+00 -5.156968e-01 -6.077796e-01 1.481681e-01 2.022785e-02 -1.716319e-02 7.787204e-04
7.156101e+00 6.851857e-01 -7.150687e-01 2.150378e-01 1.745191e-02 1.672259e-02 1.925373e-03
6.222699e+00 3.072103e-01 -1.890533e-01 -2.475252e-02 1.782545e-02 2.896624e-02 -1.362791e-03
7.562475e+00 1.676261e-01 8.906746e-01 -1.731115e-02 -2.103710e-02 3.959210e-03 5.377219e-04
1.231891e+00 -4.239548e-01 4.302984e-02 -3.616773e-02 -3.752711e-03 -3.697387e-02 -1.967874e-03
6.594730e+00 5.737041e-04 6.476993e-03 2.665704e-04 -2.787183e-01 2.468766e-02 2.505656e-02
8.818562e+00 1.296008e-02 -6.310458e-01 -1.098963e-02 2.488103e-02 5.109934e-04 2.526558e-03
5.729173e+00 3.041438e-02 6.098120e-01 2.865882e-02 -2.893987e-02 1.443376e-03 -2.644037e-04
1.846397e+00 3.089988e-01 6.419309e-01 -1.550867e-01 -2.562317e-02 1.233393e-02 -2.505989e-05
2.834405e+00 1.822144e-02 -6.534601e-03 -2.073261e-03 5.460276e-02 1.522573e-01 -2.780206e-03
8.310852e+00 3.697855e-01 4.648579e-01 2.648847e-03 -2.256661e-02 1.795131e-02 -9.339365e-04
9.035915e+00 -1.923537e-01 3.304045e-01 -4.064773e-02 -3.392827e-02 -1.975225e-02 -8.343395e-04
9.040232e+00 4.363250e-01 -2.602495e-01 -4.384359e-02 1.673401e-02 2.805565e-02 2.419647e-04
7.318607e+00 -1.042403e-01 2.402645e-01 -2.818366e-02 -4.602965e-02 -1.997026e-02 -3.141641e-03
7.759718e+00 1.416965e-01 -2.742565e-01 -1.994457e-02 3.239650e-02 1.673787e-02 1.616540e-04
5.745891e+00 1.964717e-01 4.826341e-01 -8.609683e-02 -2.842116e-02 1.156975e-02 -1.378125e-03
9.057173e-01 -1.174532e-02 -8.183027e-02 8.577058e-03 7.404376e-02 -1.062770e-02 5.062705e-04
2.589568e+00 3.885057e-01 -1.453383e-01 3.099954e-02 1.133206e-02 3.029189e-02 1.610758e-05
8.774107e+00 -3.935825e-01 4.784233e-02 7.205690e-03 -4.537451e-03 -3.732806e-02 -2.251671e-03
3.297307e+00 3.899439e-01 5.918977e-01 -1.120528e-01 -2.326216e-02 1.532518e-02 9.169089e-04
7.956364e+00 -3.422272e-01 6.499538e-01 4.928246e-02 -2.556734e-02 -1.346225e-02 -3.858256e-04
9.329415e+00 -3.483046e-02 2.033194e-02 -4.315963e-03 -5.101348e-02 -8.739070e-02 1.185033e-02
6.188144e+00 -1.497055e-01 5.191790e-01 7.144645e-02 -3.183575e-02 -9.179855e-03 1.391769e-03
2.400939e+00 -2.692430e-01 -2.305312e-01 1.000981e-02 2.535779e-02 -2.961598e-02 -1.309858e-04
1.701292e+00 3.911431e-01 7.927042e-01 5.721758e-02 -2.100280e-02 1.036338e-02 -5.212023e-04
9.661051e+00 9.392759e-01 1.671725e-01 3.636370e-02 -4.606443e-03 2.588178e-02 2.810121e-03
8.286579e+00 1.238590e-02 -2.063874e-01 -3.732744e-03 4.388984e-02 2.633956e-03 -1.401864e-03
4.621398e+00 -5.954169e-01 -5.524416e-01 6.052471e-02 1.779635e-02 -1.918076e-02 2.622668e-03
5.810285e+00 1.158983e-01 -6.466686e-01 -2.170914e-02 2.585452e-02 4.633741e-03 1.035992e-03
3.083914e+00 2.174674e-01 -5.287068e-01 1.601701e-02 2.918141e-02 1.200288e-02 -8.552905e-04
9.686856e+00 5.645731e-01 2.835367e-02 5.647130e-02 -1.539768e-03 3.065957e-02 -3.899582e-03
8.248014e+00 2.579846e-02 2.350503e-02 -1.428638e-03 -8.356034e-02 9.171348e-02 -1.385692e-02
6.759818e+00 9.618940e-02 1.522556e-01 -2.082631e-02 -4.862927e-02 3.072216e-02 5.111860e-03
4.504882e+00 1.733793e-02 -6.901185e-01 2.935864e-02 2.536572e-02 6.372662e-04 5.134061e-05
9.306746e+00 6.783952e-01 9.232733e-03 -7.975910e-02 -3.545270e-04 2.604965e-02 8.978543e-05
8.903228e-01 4.963171e-01 2.079530e-01 -7.870635e-04 -1.201172e-02 2.866813e-02 -7.764197e-04
5.401156e+00 8.985152e-01 3.851582e-01 1.050125e-01 -9.798917e-03 2.285937e-02 -5.337703e-04
9.091974e-01 1.045304e-01 7.086963e-01 -6.530184e-02 -2.968972e-02 4.379137e-03 6.298373e-04
5.457217e+00 -4.296416e-01 -2.531985e-01 2.305524e-02 1.808167e-02 -3.068200e-02 -4.460514e-04
4.939185e+00 -2.195731e-01 -7.480735e-02 2.094847e-02 1.691375e-02 -4.964491e-02 2.938492e-03
3.492300e+00 -8.972744e-01 -2.913705e-01 -5.649227e-03 7.922676e-03 -2.439785e-02 -1.545354e-04
3.030337e+00 8.100157e-02 -3.414720e-01 1.578859e-03 4.112138e-02 9.754522e-03 5.267592e-04
3.507453e+00 1.839465e-01 -4.703151e-01 8.755457e-03 3.227679e-02 1.262388e-02 -3.784752e-04
4.116547e+00 3.951553e-01 -3.895308e-01 -3.246369e-02 1.948066e-02 1.976195e-02 2.294676e-03
3.701987e+00 3.173983e-01 -8.224288e-02 4.385916e-02 9.819698e-03 3.789697e-02 4.962539e-03
8.511863e-01 -1.494010e-01 7.257036e-02 2.370460e-02 -2.518745e-02 -5.185352e-02 -2.346359e-04
5.843917e+00 5.637388e-02 3.147885e-01 -6.449861e-02 -4.041618e-02 7.237930e-03 -2.280051e-03
4.655898e+00 -4.983097e-01 1.753514e-01 -1.456875e-02 -1.061913e-02 -3.017721e-02 -3.947956e-03
4.091876e+00 9.259035e-01 -2.049739e-01 6.824428e-02 4.988125e-03 2.253224e-02 9.522882e-05
4.681419e+00 3.935650e-01 1.342884e-01 2.569589e-02 -1.160669e-02 3.401626e-02 1.286675e-03
5.607969e+00 2.381422e-01 6.929138e-01 -1.249255e-03 -2.458161e-02 8.448263e-03 -1.689207e-03
2.021918e+00 -7.099030e-01 -6.671403e-01 3.638204e-02 1.629180e-02 -1.733608e-02 -1.654979e-03
9.819389e+00 -5.181374e-01 1.842715e-01 -7.895964e-02 -9.372089e-03 -2.635259e-02 1.106159e-03
6.537590e+00 -2.466647e-03 2.869371e-02 7.391206e-03 -1.371925e-01 -1.179372e-02 2.544031e-03
7.811369e+00 6.963143e-02 5.834072e-02 -4.257170e-03 -5.480913e-02 6.541637e-02 -2.760763e-03
9.664138e-01 -9.863824e-02 6.670569e-02 1.422074e-02 -3.918658e-02 -5.794552e-02 -7.187579e-03
2.718112e+00 -7.598252e-01 -5.137466e-01 2.390455e-01 1.336109e-02 -1.976090e-02 -5.144821e-04
6.108268e+00 3.817287e-01 -4.890730e-01 -2.252435e-01 2.136421e-02 1.667508e-02 -5.144203e-04
6.707827e+00 5.645188e-03 -1.484985e-02 -1.170649e-03 1.678462e-01 6.380694e-02 -2.214417e-02
8.803576e+00 8.812104e-02 -1.282289e-01 -2.087661e-02 4.837811e-02 3.324626e-02 -5.860871e-03
9.723192e+00 -3.372109e-01 8.882035e-01 -4.907846e-02 -1.896292e-02 -7.199369e-03 -9.520468e-04
2.941229e+00 1.686252e-01 -9.644363e-01 3.934518e-02 2.400797e-02 4.197634e-03 -3.337655e-05
9.384113e+00 -5.669429e-01 7.485106e-01 -3.053408e-02 -1.674774e-02 -1.268520e-02 1.444308e-03
9.820057e+00 1.655188e-01 -4.077907e-01 2.126354e-02 3.110990e-02 1.262725e-02 -1.166886e-03
6.721370e+00 3.098124e-02 -4.825082e-02 -7.986962e-03 7.655783e-02 4.915682e-02 -5.939140e-03
1.188950e+00 -1.173890e-01 1.528930e-01 9.969074e-03 -3.926373e-02 -3.014613e-02 -5.808636e-03
3.030049e+00 7.963996e-01 2.410541e-01 1.433626e-01 -7.454578e-03 2.462859e-02 -1.316030e-04
5.960760e-01 9.443617e-01 -1.561720e-01 -4.337087e-03 4.176359e-03 2.525418e-02 1.830405e-03
9.170543e+00 8.528627e-02 2.578939e-02 -7.801328e-03 -2.108062e-02 6.971424e-02 3.151904e-03
6.959069e+00 8.375722e-01 -2.534851e-01 -5.319586e-02 7.527367e-03 2.487213e-02 8.408600e-04
3.361264e+00 -5.421540e-01 3.951054e-01 -3.417269e-02 -1.531543e-02 -2.101546e-02 5.451876e-04
3.165078e+00 5.422694e-01 7.118547e-02 3.775949e-02 -3.825236e-03 2.913949e-02 -1.594706e-03
8.964967e+00 7.716940e-01 -2.568661e-01 -5.246182e-02 8.805629e-03 2.645445e-02 1.746415e-03
8.855736e+00 3.427143e-01 5.898670e-02 -5.872235e-02 -6.881488e-03 3.998163e-02 4.331270e-03
7.938506e+00 -4.868766e-01 -2.450158e-01 1.136713e-02 1.428410e-02 -2.838426e-02 1.436758e-03
6.125052e+00 -4.002383e-01 -2.508796e-01 6.519083e-03 1.908840e-02 -3.045248e-02 -5.342194e-03
3.574005e+00 3.353015e-02 2.314266e-02 1.100871e-03 -6.481951e-02 9.391348e-02 -1.045405e-02
6.610360e+00 -2.582360e-02 3.513838e-03 -3.185824e-03 -1.886849e-02 -1.386667e-01 1.259410e-02
5.183424e+00 7.976868e-01 4.298326e-01 -6.846350e-03 -1.105383e-02 2.051379e-02 1.478640e-03
8.172068e+00 4.651144e-01 -2.106649e-01 -2.560255e-02 1.288916e-02 2.845720e-02 5.744069e-04
6.032075e+00 -4.913744e-01 5.080932e-01 5.132058e-02 -2.061731e-02 -1.993890e-02 9.631379e-04
7.548239e+00 -1.063916e-01 1.316113e-01 -3.025518e-03 -4.049143e-02 -3.273237e-02 4.160385e-03
5.818427e-01 2.134462e-01 -7.261222e-02 2.778522e-02 1.503622e-02 4.419951e-02 -3.953261e-03
4.665609e+00 7.607585e-01 -2.153488e-01 1.399610e-02 7.095561e-03 2.506635e-02 6.841015e-04
2.095067e+00 -1.142693e-01 -8.087175e-01 -8.939867e-02 2.575927e-02 -3.639706e-03 1.277789e-03
6.664966e+00 -2.043019e-01 -1.041321e-01 2.305144e-03 2.236065e-02 -4.387045e-02 -4.705965e-03
4.791806e+00 -6.727256e-02 -9.165736e-02 -8.215017e-03 5.708161e-02 -4.189545e-02 3.595060e-03
6.947088e+00 8.187722e-01 5.757729e-02 7.903936e-03 -1.543723e-03 2.195236e-02 -1.326845e-03
5.499721e+00 1.135522e-01 6.421721e-01 2.577571e-02 -2.970659e-02 5.252871e-03 1.393187e-05
5.124061e+00 -1.309906e-02 -1.468546e-02 -7.733324e-04 1.254063e-01 -1.118592e-01 2.423685e-03
5.608188e+00 1.893845e-01 -5.760976e-01 -1.627919e-01 2.953380e-02 9.708851e-03 -2.450506e-03
6.783054e+00 1.019868e-01 -2.140916e-01 -3.130534e-02 4.187954e-02 1.995016e-02 5.117184e-03
9.476957e+00 -1.027212e-01 -3.786466e-01 1.472439e-02 3.303716e-02 -8.962493e-03 -9.735576e-04
9.897714e+00 6.151434e-01 -3.499104e-01 6.112340e-02 1.371659e-02 2.411381e-02 -1.276281e-03
9.547146e+00 -1.237889e-01 -1.727016e-01 -1.183451e-02 4.482914e-02 -3.213260e-02 -2.878607e-03
7.673772e+00 -5.182157e-02 -6.499347e-02 -2.218487e-03 6.337436e-02 -5.053060e-02 4.524259e-03
6.661052e+00 -4.641739e-02 7.378740e-01 1.268938e-01 -2.731817e-02 -1.718503e-03 -2.285394e-03
4.668445e+00 5.347089e-01 2.218733e-01 -5.291525e-02 -1.088917e-02 2.624261e-02 -2.060803e-04
7.418735e+00 -3.286062e-01 -7.680730e-01 -9.039498e-02 2.192612e-02 -9.380697e-03 -2.017918e-03
3.761354e+00 -3.511712e-01 4.302447e-01 -3.218163e-02 -2.550756e-02 -2.081959e-02 -4.443670e-03
4.772360e+00 1.122726e-01 9.550610e-02 2.462210e-03 -3.843490e-02 4.518229e-02 5.272739e-03
8.753089e+00 1.042375e-01 -3.695412e-02 -2.056346e-02 2.002973e-02 5.649843e-02 -4.209630e-03
7.207058e+00 3.101923e-01 3.549579e-01 1.871357e-02 -2.520456e-02 2.202588e-02 -5.225644e-04
1.413108e+00 -7.525785e-02 -7.210897e-02 -7.824954e-03 5.185441e-02 -5.411880e-02 1.719088e-04
1.701260e+00 1.077193e-01 -1.602772e-01 -2.647698e-02 4.256373e-02 2.860628e-02 6.255764e-03
5.807499e+00 4.290076e-02 -4.078970e-01 -3.753134e-03 3.327011e-02 3.499200e-03 -1.610179e-03
8.816038e-01 -7.942780e-02 -6.982581e-01 -1.337974e-01 3.017816e-02 -3.432806e-03 9.081429e-05
7.941558e+00 -4.736031e-02 1.979948e-02 -1.362814e-04 -4.382609e-02 -1.048319e-01 1.779017e-03
1.753945e+00 -1.318669e-01 -7.324603e-01 -4.691524e-04 2.766712e-02 -4.980991e-03 -2.089753e-04
1.511896e+00 2.346176e-01 2.346946e-01 -4.467763e-03 -2.472994e-02 2.472182e-02 4.407518e-04
7.734874e+00 2.890232e-01 -6.056489e-01 -8.348655e-02 2.533841e-02 1.209180e-02 -4.154575e-04
2.603667e+00 5.209617e-03 -4.836123e-02 5.508545e-03 9.149245e-02 9.855843e-03 -1.575997e-02
7.405394e+00 5.121992e-02 -5.680489e-01 1.173551e-01 3.278655e-02 2.956303e-03 -1.153441e-03
6.298865e+00 4.046508e-01 2.980821e-01 5.649880e-02 -1.842672e-02 2.501454e-02 8.601287e-04
8.739883e+00 3.661515e-01 8.011185e-01 4.176642e-02 -2.014248e-02 9.206127e-03 2.621937e-03
7.314779e-01 -1.004636e-01 3.152242e-01 3.920768e-03 -3.427305e-02 -1.092300e-02 -1.072348e-03
6.740231e+00 3.902515e-01 -5.218901e-01 -8.597987e-02 2.147711e-02 1.605985e-02 9.822004e-04
3.840810e+00 6.752021e-01 -3.204437e-01 1.116648e-01 1.042821e-02 2.197312e-02 1.534353e-03
8.454239e-01 3.259317e-01 5.043135e-01 6.527876e-03 -2.543903e-02 1.644093e-02 2.328806e-03
7.934643e+00 6.262898e-03 6.390756e-04 3.054180e-04 -2.655250e-02 2.602127e-01 4.370133e-03
9.821031e+00 -6.253922e-01 -3.404972e-01 1.398035e-02 1.400959e-02 -2.573146e-02 -2.472886e-04
6.441685e+00 -2.363590e-01 5.553347e-01 9.406656e-02 -2.366267e-02 -1.007120e-02 1.743003e-03
1.484721e+00 -4.208856e-01 2.191770e-02 -8.983363e-03 -2.014937e-03 -3.869284e-02 7.263572e-04
7.659309e+00 -1.525357e-01 4.487675e-02 1.997107e-02 -1.754860e-02 -5.964757e-02 -2.098310e-03
4.754918e+00 3.850829e-01 -1.473968e-01 4.446636e-02 1.381331e-02 3.608808e-02 6.247525e-04
4.550897e+00 -8.293680e-01 -2.035290e-01 6.274288e-02 5.833341e-03 -2.377050e-02 -1.486183e-03
3.923600e+00 -9.882844e-02 -8.279165e-02 -7.681194e-03 3.546816e-02 -4.233837e-02 8.658580e-04
8.176948e+00 -4.730847e-01 2.335316e-01 3.979551e-03 -1.435801e-02 -2.908623e-02 3.055845e-05
9.219332e+00 -1.224093e-01 7.181959e-02 -2.408070e-02 -3.245404e-02 -5.531466e-02 -2.679083e-03
2.573727e+00 1.430070e-01 6.423849e-01 3.060229e-02 -3.039241e-02 6.765922e-03 2.550192e-03
2.363093e+00 -3.665291e-02 4.619659e-01 2.420142e-02 -2.900634e-02 -2.301397e-03 8.313670e-04
7.000263e+00 -6.050872e-02 -4.108620e-01 1.179298e-02 3.063657e-02 -4.511928e-03 -1.788738e-03
1.887656e+00 -7.147106e-01 -1.084689e-02 1.966018e-02 3.928904e-04 -2.588789e-02 5.510202e-04
5.582161e+00 -7.281720e-01 4.363782e-01 -1.399153e-02 -1.271069e-02 -2.120997e-02 -1.538055e-04
4.164737e+00 8.984122e-01 2.989844e-01 -6.162828e-02 -7.503750e-03 2.254787e-02 1.879370e-03
5.645072e+00 6.493050e-01 5.240238e-01 -1.105282e-04 -1.745327e-02 2.162592e-02 1.164005e-03
1.107803e+00 4.107570e-01 1.418120e-01 -6.239570e-02 -9.842950e-03 2.851000e-02 2.312118e-03
1.653293e+00 -1.107333e-01 -1.287327e-01 -1.089166e-02 3.977236e-02 -3.421139e-02 -1.198941e-03
5.561141e+00 4.502763e-01 -4.276246e-01 -7.623485e-02 2.002580e-02 2.108659e-02 1.319431e-03
3.701819e+00 6.034369e-01 -4.831007e-01 -2.302314e-02 1.805370e-02 2.255072e-02 -1.775909e-03
3.240563e+00 -7.531009e-02 3.946780e-01 -5.406707e-02 -3.155992e-02 -6.022075e-03 2.365323e-03
5.383408e+00 1.840488e-01 1.634482e-01 6.913102e-03 -3.129148e-02 3.523540e-02 1.254919e-03
6.035219e+00 3.789973e-03 3.224695e-01 -2.773105e-02 -4.317937e-02 5.074857e-04 1.873055e-03
9.355802e+00 3.563546e-01 -2.760273e-01 -1.067618e-02 2.279030e-02 2.942255e-02 9.421819e-04
6.301720e+00 2.359375e-01 4.048875e-01 -8.764681e-02 -2.564983e-02 1.494676e-02 2.860841e-03
1.619942e+00 -4.877390e-01 2.949657e-01 -9.640300e-03 -1.726109e-02 -2.854200e-02 1.461987e-03
4.650690e+00 9.596447e-02 -1.937292e-01 1.829102e-02 4.917867e-02 2.436084e-02 8.083365e-04
6.214522e+00 1.536595e-01 2.565443e-01 -2.536274e-02 -3.871478e-02 2.318857e-02 -7.645312e-04
1.541988e+00 -1.372729e-01 7.523047e-01 -4.854145e-02 -2.695764e-02 -4.918958e-03 2.031661e-03
3.680758e+00 3.340534e-01 1.241140e-01 -1.192622e-02 -1.310984e-02 3.528519e-02 -1.725402e-03
9.836380e+00 7.111957e-02 1.053018e-03 5.062166e-04 -1.219289e-03 8.234937e-02 1.341017e-03
9.818201e+00 -2.963774e-02 5.168156e-03 1.109065e-04 -1.999596e-02 -1.146705e-01 1.014740e-02
5.511385e+00 -5.042484e-01 -8.549186e-01 8.631209e-02 2.032148e-02 -1.198602e-02 6.814572e-04
6.782950e+00 3.704818e-02 3.310422e-02 1.086781e-04 -7.654103e-02 8.565995e-02 -6.214858e-03
4.916586e+00 -2.757090e-01 -4.529961e-01 3.920057e-02 2.684308e-02 -1.633762e-02 7.501840e-04
8.037271e+00 -5.189463e-01 -2.513284e-01 6.726131e-02 1.223609e-02 -2.526523e-02 2.982821e-03
7.765113e+00 -7.400177e-01 3.803741e-01 -8.639751e-02 -1.189850e-02 -2.314852e-02 1.174515e-04
3.583413e+00 2.878873e-01 -2.126244e-02 -4.937016e-02 3.283314e-03 4.445511e-02 2.193277e-03
5.926402e+00 -5.214693e-02 -9.181301e-01 4.230371e-02 2.613610e-02 -1.484449e-03 -2.412584e-03
9.802389e+00 -2.099082e-01 -9.682917e-01 1.501729e-01 2.092234e-02 -4.535588e-03 -5.470903e-04
1.898689e+00 -1.423487e-01 -8.054683e-01 3.128733e-02 2.451016e-02 -4.331629e-03 4.970541e-04
6.366497e+00 -4.832784e-02 -2.776904e-01 -3.945498e-02 4.601170e-02 -8.007645e-03 1.377007e-03
1.425414e+00 -7.686281e-01 4.280585e-01 -3.893566e-02 -1.087774e-02 -1.953223e-02 -1.129361e-03
7.874126e+00 -5.410231e-01 -1.457355e-02 6.902400e-04 9.247647e-04 -3.433062e-02 -1.497038e-03
1.596320e+00 -2.406783e-01 2.540253e-02 -1.713084e-04 -5.158272e-03 -4.887246e-02 2.498191e-03
5.964392e+00 -1.612082e-01 -1.513064e-02 1.354367e-02 4.720574e-03 -5.029498e-02 1.961171e-03
8.837503e+00 6.165572e-01 -1.731370e-01 7.561745e-02 7.350629e-03 2.617629e-02 -1.178338e-03
1.645708e+00 9.914429e-02 -5.343293e-01 7.229487e-02 2.762767e-02 5.126288e-03 4.213418e-04
1.863203e+00 1.849682e-01 -1.531586e-01 4.699813e-03 2.834519e-02 3.423222e-02 -2.025311e-05
9.524515e+00 2.736585e-01 -4.725274e-01 -2.967608e-02 2.996660e-02 1.735479e-02 6.455927e-04
6.006499e+00 3.074231e-01 -7.461560e-01 -3.898416e-02 2.645158e-02 1.089829e-02 4.150205e-04
6.817070e+00 6.430416e-01 -3.963183e-01 -4.870853e-02 1.301824e-02 2.112258e-02 -1.328046e-03
1.827160e+00 4.704584e-01 -6.120196e-01 -1.080516e-01 1.923336e-02 1.478465e-02 -8.362685e-04
2.357111e+00 5.705912e-01 -5.153987e-01 1.455064e-01 1.552653e-02 1.718922e-02 1.051650e-04
1.198649e+00 -1.535274e-01 1.885804e-02 3.814803e-02 -6.309332e-03 -5.136563e-02 4.344219e-04
4.084095e+00 2.240139e-01 -2.786002e-01 -6.939228e-03 3.115279e-02 2.504900e-02 -4.366842e-03
7.852989e+00 5.260209e-01 -3.684600e-01 -6.036159e-03 1.552800e-02 2.216809e-02 -5.698570e-04
3.256819e+00 -5.182873e-01 1.989394e-01 2.891487e-02 -1.155385e-02 -3.010071e-02 5.255349e-04
4.141124e+00 5.735167e-01 -4.835669e-01 -1.531356e-02 1.649689e-02 1.956553e-02 -8.156912e-04
7.347953e+00 5.174846e-01 8.241767e-02 -4.231180e-02 -5.095669e-03 3.199473e-02 8.290728e-04
3.852140e+00 -6.515640e-03 5.651930e-03 1.976383e-03 -1.418543e-01 -1.635321e-01 2.006683e-04
1.397667e+00 -4.064883e-02 2.594179e-03 1.469778e-03 -6.238140e-03 -9.774694e-02 5.189093e-03
1.445946e+00 -1.397168e-01 -2.975932e-02 2.307115e-02 1.365657e-02 -6.411617e-02 -5.394022e-03
5.012210e+00 -8.983153e-02 -8.145776e-01 -3.324623e-02 2.357425e-02 -2.599766e-03 1.433023e-04
6.051044e+00 -3.460204e-01 -1.983406e-02 3.221120e-02 2.485584e-03 -4.336292e-02 -4.180602e-04
4.885236e+00 8.030873e-01 -2.532875e-02 -1.659011e-01 7.143454e-04 2.264943e-02 1.445398e-03
6.148457e+00 3.268112e-01 2.493113e-01 2.090093e-02 -1.873803e-02 2.456286e-02 1.753743e-03
9.771240e+00 2.740920e-01 -9.602790e-02 -8.233020e-03 1.261526e-02 3.600767e-02 5.073946e-04
9.751393e+00 3.907668e-01 -2.363058e-01 5.243101e-02 1.831980e-02 3.029452e-02 -2.416319e-03
5.850562e+00 3.870634e-02 -8.214060e-02 -1.688311e-03 6.119973e-02 2.883857e-02 7.948161e-04
4.753738e+00 3.785215e-01 -7.537127e-01 9.637571e-03 2.272974e-02 1.141509e-02 -2.053048e-03
2.964119e+00 -8.578448e-01 3.832986e-01 2.360816e-01 -9.925876e-03 -2.221469e-02 -3.595266e-05
9.071288e+00 -4.003198e-01 3.798356e-01 -1.863354e-02 -2.371720e-02 -2.499624e-02 1.729537e-03
9.513512e+00 3.441405e-01 -3.574598e-01 4.689097e-02 2.554312e-02 2.459136e-02 -1.868617e-03
3.138306e+00 3.459723e-01 3.774503e-01 -2.634250e-02 -2.122125e-02 1.945148e-02 1.238269e-03
8.937641e+00 4.773241e-01 5.761174e-01 1.006816e-03 -2.187222e-02 1.812155e-02 -1.636379e-03
4.515380e+00 -1.213919e-01 6.456304e-02 -2.923600e-03 -3.181920e-02 -5.982671e-02 -2.782262e-04
2.449587e+00 -7.057066e-02 -1.545103e-03 -5.596127e-03 1.881137e-03 -8.591860e-02 -4.362432e-03
5.868112e+00 1.778419e-01 -1.110261e-01 2.544159e-02 2.589023e-02 4.147105e-02 -2.208882e-04
5.847497e+00 -2.119228e-01 1.667956e-01 -1.304789e-02 -2.809971e-02 -3.570221e-02 -4.209279e-03
8.013125e+00 6.592217e-01 -5.637894e-01 -5.431370e-02 1.387409e-02 1.622255e-02 5.996575e-04
3.269896e+00 3.567446e-01 -1.763207e-01 -3.522344e-02 1.499833e-02 3.034567e-02 1.100255e-04
5.295397e+00 8.837669e-01 1.473565e-01 3.564262e-02 -3.790780e-03 2.273511e-02 -4.212122e-04
1.808826e+00 -4.501346e-02 7.125160e-01 -1.499109e-03 -2.483526e-02 -1.568977e-03 -6.933726e-04
5.330754e+00 -7.410595e-02 -4.947128e-01 1.626459e-02 2.836215e-02 -4.248534e-03 2.412452e-03
4.224542e+00 6.985094e-02 1.895545e-01 8.852497e-03 -5.189550e-02 1.912352e-02 2.365378e-03
9.596469e+00 -1.789729e-02 -5.537879e-01 -1.023524e-02 3.062536e-02 -9.897490e-04 -1.058338e-03
1.608990e+00 -9.462116e-02 -4.852947e-01 -2.292926e-02 2.849780e-02 -5.556407e-03 1.173259e-03
7.011045e+00 5.144282e-02 1.577661e-01 -7.447806e-03 -5.848643e-02 1.907067e-02 -2.736514e-03
7.864320e+00 1.271026e-01 -6.370696e-02 -4.883980e-03 2.719987e-02 5.426681e-02 1.106017e-03
8.580686e+00 -2.164715e-02 -1.493011e-02 8.308509e-04 8.079316e-02 -1.171419e-01 4.001787e-03
2.224065e+00 -3.201414e-01 -5.738136e-01 -1.160959e-01 2.333599e-02 -1.301959e-02 1.679876e-03
2.405438e+00 -5.618702e-01 1.166913e-01 1.092300e-02 -5.780808e-03 -2.783466e-02 1.055873e-03
1.953617e+00 3.589467e-01 3.057294e-02 1.368291e-02 -3.321902e-03 3.900135e-02 -1.176805e-03
1.421429e+00 -4.722020e-01 3.362788e-02 4.975871e-02 -2.330432e-03 -3.272387e-02 -5.474270e-05
7.738732e+00 5.411347e-01 -4.664524e-01 2.398579e-02 1.550346e-02 1.798567e-02 -2.156840e-03
4.758353e+00 1.053025e-01 -9.138323e-02 2.039219e-02 4.473366e-02 5.154739e-02 3.058454e-03
7.302153e+00 -3.689798e-01 -8.306013e-02 6.755360e-03 8.076898e-03 -3.588018e-02 -2.481351e-03
6.946565e+00 4.162690e-02 -5.472776e-02 4.603616e-03 7.644517e-02 5.814554e-02 7.349550e-03
8.983352e+00 2.332460e-02 8.816938e-02 -7.481820e-03 -7.752877e-02 2.050970e-02 1.557137e-03
8.970858e+00 -1.133911e-01 2.023683e-02 -1.448933e-02 -1.245649e-02 -6.979623e-02 -4.439606e-03
1.008208e+00 -6.437803e-01 -3.538457e-01 3.671760e-02 1.187985e-02 -2.161397e-02 -3.743635e-04
9.238569e-01 1.897761e-01 7.025700e-01 3.342423e-02 -2.575228e-02 6.956129e-03 -1.111974e-03
8.342752e+00 3.436207e-01 5.893655e-01 3.324505e-02 -2.564312e-02 1.495083e-02 -6.519356e-05
9.899641e+00 1.980320e-01 4.289077e-01 3.133279e-03 -2.942287e-02 1.358490e-02 -7.419624e-04
8.581740e+00 6.306605e-02 8.541083e-01 -2.464580e-02 -2.602341e-02 1.921529e-03 4.774891e-04
2.302871e+00 -9.334971e-01 -3.320811e-01 -1.991798e-01 7.389087e-03 -2.077110e-02 -6.748030e-04
8.931274e+00 7.591867e-02 -7.676585e-01 4.112743e-02 2.589123e-02 2.560550e-03 8.732435e-05
7.133262e+00 6.885496e-01 3.742829e-01 9.231405e-02 -1.064363e-02 1.958055e-02 3.263024e-03
1.358771e+00 3.304930e-01 -5.209800e-02 -1.457419e-02 6.302817e-03 3.998304e-02 -1.392496e-03
7.181172e+00 2.217991e-02 -6.665741e-01 8.855551e-02 2.500572e-02 8.320522e-04 1.072477e-03
5.162448e+00 4.517707e-01 -4.046794e-01 -3.521203e-02 2.084769e-02 2.327368e-02 -2.116435e-03
5.115023e+00 4.393991e-01 1.851215e-01 -1.746178e-02 -1.320081e-02 3.133306e-02 -2.323996e-03
8.109702e+00 -5.009437e-01 -2.950440e-01 4.431306e-02 1.509968e-02 -2.563717e-02 -4.749861e-04
8.266914e+00 1.093174e-01 -1.931769e-02 8.271473e-03 1.238995e-02 7.011389e-02 -8.327372e-04
4.773488e+00 -1.149983e-01 7.649453e-01 -6.234227e-02 -2.689101e-02 -4.042667e-03 4.777310e-03
2.894763e+00 -3.408812e-01 -4.388845e-01 -1.416275e-02 2.425290e-02 -1.883721e-02 2.147403e-04
6.069653e+00 9.118326e-01 3.746527e-01 -5.619472e-03 -8.165692e-03 1.987373e-02 -5.892022e-04
8.868700e+00 2.532083e-01 8.316713e-03 2.088878e-02 -1.514049e-03 4.609632e-02 2.129233e-03
5.692554e-01 2.277438e-01 5.862304e-02 -1.182884e-02 -1.016370e-02 3.948480e-02 5.508180e-03
8.559889e+00 -8.071740e-01 -1.617599e-01 3.263909e-02 5.279208e-03 -2.634299e-02 -2.652752e-04
3.932005e+00 -5.598249e-01 -7.368140e-01 3.192763e-02 1.848007e-02 -1.404100e-02 3.705655e-04
1.807629e+00 7.064099e-02 6.958074e-01 -4.779393e-02 -3.033607e-02 3.079832e-03 -2.724568e-04
2.056376e+00 5.416034e-01 -3.593437e-01 1.288854e-02 1.476439e-02 2.225291e-02 -7.491402e-04
4.776220e+00 2.518101e-03 1.491652e-02 4.168269e-04 -1.739031e-01 2.935709e-02 9.216053e-03
1.437335e+00 -1.369398e-01 1.207605e-01 2.127945e-02 -3.953455e-02 -4.483133e-02 -2.422063e-03
8.664938e+00 -4.318969e-01 1.996227e-01 6.978589e-02 -1.391926e-02 -3.011524e-02 -1.690908e-03
4.421413e+00 5.401636e-01 4.252906e-01 -2.575034e-02 -1.530263e-02 1.943594e-02 -9.171959e-04
1.013108e+00 1.830055e-01 -5.481346e-01 -4.652699e-02 2.779127e-02 9.278660e-03 -3.819693e-03
6.099529e+00 1.357418e-01 6.230434e-01 -5.519209e-02 -2.775620e-02 6.047214e-03 -2.510877e-03
7.013643e+00 4.924917e-01 3.932964e-01 6.555202e-02 -1.766614e-02 2.212180e-02 1.296814e-03
8.527912e-01 2.307169e-01 6.481688e-01 1.155981e-01 -2.525458e-02 8.989414e-03 -8.062670e-04
9.300046e+00 6.533764e-02 -9.165087e-02 1.372781e-02 5.449715e-02 3.885086e-02 -5.599322e-03
4.008137e+00 5.188992e-01 -8.462048e-01 5.800864e-02 1.889929e-02 1.158919e-02 1.161309e-03
4.256851e+00 -1.434012e-01 6.237595e-01 -1.294779e-01 -2.742864e-02 -6.305795e-03 -2.148286e-03
5.361677e+00 8.853080e-02 5.669384e-01 -6.472853e-02 -2.676400e-02 4.179358e-03 1.096376e-03
8.558645e-01 1.666286e-01 2.489348e-01 -3.524671e-02 -3.142188e-02 2.103276e-02 4.977286e-04
7.458794e+00 -4.296953e-01 -5.856409e-01 -3.968779e-02 1.986490e-02 -1.457523e-02 2.551289e-04
4.710758e+00 7.297898e-01 -1.439200e-01 -1.987120e-01 5.581074e-03 2.830053e-02 -1.043016e-03
3.584928e+00 -2.551326e-01 -8.909150e-02 5.750439e-03 1.360424e-02 -3.895864e-02 -1.330060e-03
7.780064e+00 7.484389e-01 -1.170230e-01 3.596092e-02 3.684104e-03 2.356226e-02 -8.221248e-04
6.122200e+00 -1.872670e-01 3.640669e-01 -9.335753e-03 -3.525996e-02 -1.813685e-02 2.134667e-03
7.672220e+00 -6.270099e-01 -6.622573e-01 1.344610e-02 1.502154e-02 -1.422205e-02 4.978118e-04
6.639980e+00 -4.020933e-01 4.104090e-02 -5.925968e-02 -3.876767e-03 -3.798215e-02 4.986299e-03
6.634690e+00 -4.150185e-01 8.121414e-01 8.192319e-02 -1.955416e-02 -9.992516e-03 -7.789391e-05
8.855731e+00 4.382229e-02 -9.549180e-02 -9.894429e-04 6.639646e-02 3.047010e-02 7.911277e-03
8.179216e+00 -7.117649e-02 -7.656285e-02 1.835090e-02 5.053567e-02 -4.698039e-02 1.510053e-03
6.354163e+00 6.219497e-01 -6.131709e-01 -2.150155e-02 1.580453e-02 1.603081e-02 -5.786374e-04
3.474466e+00 -3.522811e-01 -1.446316e-02 -3.058452e-02 1.579546e-03 -3.847322e-02 1.360321e-03
2.005521e+00 2.159364e-03 3.483941e-01 3.330581e-02 -3.600125e-02 2.231375e-04 6.310956e-04
1.074176e+00 4.143788e-01 -5.062916e-01 -1.362566e-02 1.909935e-02 1.563203e-02 6.390256e-04
9.071013e+00 2.735043e-01 5.426634e-01 -7.016208e-02 -2.830721e-02 1.426694e-02 -3.341709e-03
9.876314e+00 3.737290e-02 -2.143348e-01 2.125176e-02 4.483664e-02 7.818025e-03 -3.654899e-03
3.873230e+00 3.080616e-01 4.252594e-02 2.419869e-02 -5.446231e-03 3.945297e-02 -8.151476e-04
8.890048e+00 -4.506760e-02 -6.537524e-02 1.560628e-02 6.326259e-02 -4.361121e-02 5.986769e-03
4.736002e+00 -2.730162e-01 -4.647105e-01 -2.034749e-03 2.834610e-02 -1.665325e-02 -5.960893e-04
1.274689e+00 -8.707924e-01 -2.008697e-01 -8.096411e-02 5.108759e-03 -2.214704e-02 -3.030917e-04
4.130080e+00 1.042280e-02 6.956553e-02 -1.605149e-03 -9.199593e-02 1.378348e-02 -4.513319e-03
7.610329e+00 -2.105171e-01 -3.312013e-01 6.753675e-02 2.723224e-02 -1.730927e-02 4.220621e-04
1.851073e+00 8.969629e-02 3.915999e-02 -1.035449e-02 -2.603507e-02 5.963355e-02 6.958506e-04
1.351162e+00 2.083442e-01 4.032685e-01 -5.952708e-02 -3.020535e-02 1.560526e-02 2.726091e-03
6.153921e+00 -8.647336e-01 8.650768e-03 4.059974e-02 -2.460558e-04 -2.459582e-02 2.551524e-03
5.807738e-01 9.375435e-01 -2.963429e-01 5.738064e-02 7.108772e-03 2.249011e-02 -7.301380e-04
6.991423e+00 -1.100313e-01 -2.846252e-01 2.066470e-02 3.858669e-02 -1.491697e-02 -3.868510e-03
3.602269e+00 -2.200116e-02 1.440154e-02 1.094165e-03 -7.054761e-02 -1.077753e-01 -1.395258e-04
4.320783e+00 1.774791e-01 6.115794e-01 -3.523813e-02 -2.639653e-02 7.660220e-03 3.448958e-04
8.803108e+00 -8.488395e-02 7.877270e-02 2.519272e-02 -4.574547e-02 -4.929444e-02 -6.708073e-04
5.382155e+00 -5.031042e-01 -6.850723e-02 3.008763e-03 4.402055e-03 -3.232786e-02 3.938447e-04
7.064890e+00 5.736666e-01 3.812742e-01 1.296201e-01 -1.545205e-02 2.324921e-02 1.644292e-03
3.444806e+00 -8.154807e-01 4.668430e-02 4.128461e-02 -1.445738e-03 -2.525413e-02 -1.972303e-03
6.073375e+00 7.351240e-02 2.475807e-01 -2.959588e-02 -4.707514e-02 1.397769e-02 2.544524e-03
8.424860e-01 -1.983523e-01 6.459689e-02 3.332330e-02 -1.571327e-02 -4.824943e-02 8.772667e-04
7.542952e+00 3.333868e-01 -4.366355e-01 6.160917e-03 2.705436e-02 2.065698e-02 6.014206e-04
5.096325e+00 -7.817189e-01 -6.013110e-01 -1.474402e-01 1.525210e-02 -1.982810e-02 2.020585e-03
8.633268e+00 -3.089092e-01 -5.252236e-01 1.327029e-01 2.810668e-02 -1.653089e-02 1.385315e-03
4.442056e+00 -1.820630e-01 -8.274718e-01 -1.756523e-02 2.564879e-02 -5.643331e-03 3.840451e-05
6.333356e+00 -8.654641e-01 4.692776e-01 -1.986123e-02 -9.551592e-03 -1.761550e-02 7.883843e-04
5.653995e-01 -2.025423e-01 -7.718437e-01 2.042413e-02 2.763002e-02 -7.250493e-03 -2.496155e-04
1.895618e+00 -1.276578e-01 9.873912e-02 -2.501682e-02 -3.079760e-02 -3.981761e-02 5.320505e-05
2.292168e+00 -2.985673e-01 -4.128624e-01 1.082140e-01 2.662677e-02 -1.925553e-02 1.578910e-03
8.627233e+00 4.120025e-02 2.372843e-01 8.538553e-03 -4.100636e-02 7.120035e-03 -4.943207e-03
8.932495e+00 -8.119408e-01 -1.075424e-01 -1.981951e-03 3.684559e-03 -2.781828e-02 1.111291e-03
8.191859e+00 -2.487999e-01 3.824123e-01 -3.381039e-02 -2.925821e-02 -1.903559e-02 2.392750e-03
1.600806e+00 -1.527981e-02 8.837564e-02 -7.744196e-03 -7.436441e-02 -1.285732e-02 2.581861e-03
5.847415e+00 -5.839806e-02 -1.588476e-01 -4.769098e-03 5.614574e-02 -2.064118e-02 8.844433e-05
8.906288e+00 1.319979e-01 -7.606490e-01 -4.366070e-02 2.828896e-02 4.909075e-03 1.727060e-03
3.213883e+00 -2.484345e-01 3.826256e-01 2.736619e-02 -2.926345e-02 -1.900043e-02 -2.421790e-03
9.112066e+00 -8.319418e-01 -1.269839e-01 -1.215156e-01 3.636776e-03 -2.382653e-02 6.274224e-04
6.757339e-01 -2.106168e-01 -2.406672e-01 3.354457e-03 3.194043e-02 -2.795225e-02 2.169363e-04
2.521906e+00 1.256587e-02 4.616735e-02 2.891825e-03 -1.041715e-01 2.835350e-02 1.253920e-03
7.651649e+00 -3.822511e-01 -1.693303e-01 -3.838517e-02 1.527294e-02 -3.447758e-02 -8.402366e-04
9.399557e-01 7.738953e-01 3.656889e-01 3.138341e-02 -9.771518e-03 2.067914e-02 9.922344e-04
3.839293e+00 2.506140e-01 -2.572388e-01 -1.225344e-04 2.906818e-02 2.831956e-02 1.155234e-03
6.667127e+00 8.114012e-01 -8.205104e-02 5.772309e-02 2.555932e-03 2.527557e-02 5.570188e-04
4.417229e+00 -5.596216e-01 -2.826461e-01 3.915990e-02 1.339204e-02 -2.651540e-02 1.169047e-03
7.956516e+00 -1.744506e-02 -1.560935e-01 -1.479412e-02 6.140646e-02 -6.862805e-03 -3.865771e-03
4.498016e+00 -7.033619e-02 5.060396e-01 4.523551e-02 -3.142059e-02 -4.367256e-03 4.600207e-04
4.730778e+00 7.627144e-01 2.025496e-01 8.705905e-03 -6.257533e-03 2.356317e-02 7.602991e-04
3.780448e+00 2.614007e-01 4.783968e-02 -4.468117e-03 -8.402924e-03 4.591439e-02 -1.995117e-03
3.123269e+00 -6.436097e-01 4.131405e-01 -7.941141e-02 -1.484499e-02 -2.312622e-02 -1.608546e-04
9.108030e+00 8.302721e-01 -3.637079e-01 -5.480758e-02 8.882176e-03 2.027623e-02 1.451008e-03
9.310673e+00 -4.210844e-02 7.645896e-04 1.256428e-04 -1.912062e-03 -1.053035e-01 -2.028193e-03
1.651255e+00 5.602202e-01 2.136562e-01 8.222150e-02 -1.132109e-02 2.968462e-02 -1.033707e-03
1.725776e+00 7.325774e-01 -4.033026e-01 1.864565e-02 1.109615e-02 2.015555e-02 -6.454160e-04
3.312904e+00 -1.224450e-03 -4.234330e-01 4.059786e-02 3.682391e-02 -1.064845e-04 2.587901e-04
8.252036e+00 -3.011661e-01 -2.677599e-01 2.113914e-02 2.200104e-02 -2.474593e-02 2.572890e-03
2.044705e+00 3.785150e-01 -2.945987e-01 -2.667417e-03 2.081813e-02 2.674817e-02 -3.839129e-04
7.408772e+00 -1.724290e-01 2.703692e-01 -9.811078e-04 -3.829869e-02 -2.442513e-02 1.811289e-03
2.662146e+00 -5.702942e-01 -6.837494e-02 -5.053981e-02 3.430645e-03 -2.861395e-02 -5.760543e-04
7.090372e+00 6.586743e-01 -3.064443e-01 -2.337081e-02 1.077976e-02 2.317012e-02 -6.974804e-04
6.400157e+00 9.405899e-01 -3.245498e-01 8.896525e-02 6.503843e-03 1.884903e-02 2.888235e-04
1.551551e+00 -7.179983e-01 -3.319520e-01 2.001957e-02 1.171375e-02 -2.533635e-02 3.292517e-03
8.332545e+00 7.097505e-04 -5.433682e-03 1.941198e-04 2.683041e-01 3.504602e-02 -1.867844e-03
4.337715e+00 7.340568e-02 -9.828476e-01 2.776130e-02 2.309136e-02 1.724619e-03 -8.474175e-04
8.861100e+00 1.005990e-01 -4.551615e-02 -1.717137e-06 2.661853e-02 5.883180e-02 4.612943e-03
7.719381e+00 2.893931e-01 -7.425882e-02 1.175602e-02 1.020701e-02 3.977762e-02 -9.108943e-04
8.734371e+00 -1.541522e-01 2.555987e-01 -1.656575e-02 -3.608255e-02 -2.176146e-02 -1.103446e-03
7.004164e-01 2.726564e-01 -2.804497e-02 2.565213e-02 4.940501e-03 4.803212e-02 -2.053136e-03
7.354115e+00 -5.973007e-02 -2.026137e-01 -3.424663e-02 5.260670e-02 -1.550834e-02 3.093529e-03
8.953121e+00 6.894639e-01 -1.149442e-01 1.351285e-02 4.186654e-03 2.511260e-02 -1.754706e-05
2.262112e+00 -4.911465e-01 -2.385303e-01 -6.864949e-02 1.403230e-02 -2.889325e-02 -9.748293e-04
7.645210e+00 9.847852e-03 3.289016e-02 -1.286119e-03 -1.236102e-01 3.701091e-02 6.215642e-03
1.266852e+00 -6.496383e-01 -1.502521e-01 -4.258869e-02 6.301037e-03 -2.724351e-02 1.701937e-04
5.854299e+00 2.142418e-01 -3.802968e-01 2.486951e-02 3.293580e-02 1.855453e-02 -3.047310e-03
9.742688e+00 -1.897479e-01 -2.267952e-01 -3.066635e-02 2.873057e-02 -2.403740e-02 -2.807985e-04
5.096957e+00 3.480257e-02 -6.009571e-01 -1.044767e-01 2.542498e-02 1.472409e-03 -5.323527e-04
1.892812e+00 -7.975353e-01 -3.341236e-01 6.686489e-03 9.070441e-03 -2.165066e-02 1.836829e-03
4.640525e+00 -2.765056e-01 -6.998751e-01 -1.203059e-01 2.720357e-02 -1.074755e-02 1.059423e-03
3.191270e+00 6.750875e-02 -6.021830e-02 -3.856531e-03 4.627437e-02 5.187667e-02 1.864685e-04
8.844590e+00 1.349688e-01 -8.995072e-01 -2.430638e-02 2.392396e-02 3.589731e-03 2.611191e-04
7.866296e+00 -6.751126e-01 -3.020103e-01 -1.013203e-02 9.678722e-03 -2.163578e-02 5.521999e-05
2.963199e+00 8.007687e-01 3.668162e-01 1.821755e-01 -9.941803e-03 2.170320e-02 -4.494342e-04
8.961015e+00 -3.374972e-01 2.408728e-01 4.370166e-03 -1.898933e-02 -2.660677e-02 -1.334071e-03
5.039453e+00 -3.621433e-01 -3.479758e-01 -2.174417e-02 2.001546e-02 -2.083037e-02 -5.803265e-04
4.706994e+00 -6.782764e-02 -1.485561e-02 2.530889e-03 2.044556e-02 -9.335020e-02 -3.440570e-03
7.927821e+00 1.510861e-01 -2.047939e-01 1.701352e-02 3.869905e-02 2.855013e-02 2.825272e-04
5.579665e+00 6.605571e-01 -6.271421e-01 -1.089652e-02 1.568071e-02 1.651620e-02 -1.405930e-03
1.962869e+00 9.848243e-02 -4.232569e-01 7.891544e-02 3.639701e-02 8.468773e-03 5.830015e-04
7.714721e+00 -2.165805e-02 -9.639227e-02 -4.571128e-03 6.366514e-02 -1.430470e-02 4.926890e-03
3.772543e+00 -4.734018e-01 -1.111444e-01 2.226071e-02 7.088607e-03 -3.019279e-02 1.260593e-03
6.622095e+00 2.508116e-01 -2.518237e-02 -2.196591e-02 4.813079e-03 4.793736e-02 -2.082312e-04
6.714484e+00 2.737461e-01 9.594135e-01 -1.392594e-01 -2.442394e-02 6.968799e-03 -1.243620e-03
1.717113e+00 -3.229353e-01 -6.073363e-01 5.312336e-02 2.290534e-02 -1.217932e-02 1.096223e-03
6.532202e+00 -1.032301e-01 2.148841e-01 1.710525e-02 -3.938512e-02 -1.892056e-02 -2.074885e-04
7.580145e+00 -6.689422e-01 -3.973018e-01 -5.880390e-02 1.467411e-02 -2.470699e-02 1.489976e-03
4.625608e+00 2.603793e-01 -2.273008e-01 -5.565081e-04 2.556486e-02 2.928524e-02 -1.083526e-03
5.350146e+00 -9.059525e-01 1.352825e-01 -2.269459e-01 -3.459654e-03 -2.316842e-02 1.145603e-03
9.350531e+00 -3.729404e-01 8.803853e-01 5.946773e-02 -1.927132e-02 -8.163531e-03 -5.507819e-04
2.966003e+00 -6.331856e-02 8.845383e-01 4.712900e-02 -2.646827e-02 -1.894698e-03 1.478851e-03
8.657423e+00 4.395107e-01 5.591835e-01 5.525009e-02 -2.210485e-02 1.737411e-02 -4.677460e-04
8.566588e+00 3.859626e-01 -6.505988e-01 -2.121701e-02 2.053948e-02 1.218488e-02 -1.620897e-03
4.080378e+00 -2.499842e-01 -2.082514e-01 3.447184e-02 2.799290e-02 -3.360257e-02 -2.005170e-03
3.049189e+00 -3.966647e-01 5.136075e-01 -8.004085e-02 -1.940677e-02 -1.498807e-02 1.243317e-03
2.405734e+00 1.562683e-01 -5.598623e-01 6.843079e-02 3.038086e-02 8.479882e-03 5.760632e-04
2.787336e+00 5.979889e-01 -7.501237e-01 -7.584787e-02 1.849508e-02 1.474403e-02 4.471981e-04
6.804207e+00 5.793125e-01 8.249200e-02 3.652525e-02 -4.305445e-03 3.023564e-02 5.699959e-04
4.800406e+00 -8.020430e-01 -4.628285e-01 1.257069e-02 1.270038e-02 -2.200870e-02 -3.407686e-04
1.919345e+00 -3.378217e-01 8.417276e-01 -7.423299e-02 -2.297454e-02 -9.220676e-03 -1.701237e-03
9.692978e+00 8.820197e-01 -2.457915e-02 -4.127510e-02 7.489363e-04 2.687548e-02 -1.055108e-04
8.011461e+00 4.541572e-01 6.353293e-01 4.615015e-02 -2.127466e-02 1.520793e-02 3.835414e-04
7.887085e+00 -5.327053e-01 -3.441198e-02 6.431443e-02 1.923093e-03 -2.976991e-02 3.169044e-04
1.953693e+00 -5.199485e-01 -1.876969e-02 1.028013e-01 1.023870e-03 -2.836272e-02 7.629039e-04
1.028647e+00 3.132691e-02 -2.759902e-01 -1.236587e-02 4.405076e-02 5.000085e-03 6.590136e-03
2.603590e+00 -2.380292e-01 -2.215950e-01 4.115064e-02 2.508671e-02 -2.694722e-02 -7.772820e-04
4.673304e+00 -8.069817e-01 4.737031e-01 -2.125744e-02 -1.131663e-02 -1.927855e-02 2.552815e-03
8.989351e-01 -8.110987e-04 1.016616e-01 1.192949e-02 -7.837336e-02 -6.252952e-04 -3.534667e-04
1.950409e+00 7.239167e-01 2.393822e-01 1.685683e-02 -8.483520e-03 2.565505e-02 4.478366e-04
6.242637e+00 -5.209873e-01 -8.362493e-01 -6.254272e-02 2.172442e-02 -1.353442e-02 3.178332e-04
3.708554e+00 4.011169e-01 -1.771768e-01 -5.594655e-02 1.247029e-02 2.823193e-02 -3.688118e-04
2.149965e+00 1.618158e-01 3.034674e-01 -6.843664e-02 -2.955832e-02 1.576118e-02 -6.558140e-04
1.956801e+00 4.832629e-01 5.748089e-01 1.177021e-01 -2.157268e-02 1.813694e-02 -9.078175e-05
7.286338e+00 -3.618020e-01 -8.238256e-01 2.641556e-02 2.309748e-02 -1.014379e-02 9.043084e-04
7.519638e+00 -1.553309e-03 -6.306234e-01 3.511766e-03 3.119751e-02 -7.684357e-05 -3.861966e-04
7.633109e+00 2.144636e-01 9.501297e-01 -3.878432e-02 -2.149699e-02 4.852310e-03 -2.725077e-04
9.727016e+00 7.391116e-01 -3.948355e-01 9.715988e-02 1.262147e-02 2.362673e-02 -1.975207e-03
3.359732e+00 -1.693187e-01 1.318522e-01 2.535123e-02 -3.124309e-02 -4.012099e-02 -3.535659e-03
3.496298e+00 6.969281e-01 -2.952885e-01 -1.631007e-01 9.064131e-03 2.139280e-02 -1.150973e-03
9.908557e+00 2.654954e-01 -9.638251e-01 2.483202e-02 2.145998e-02 5.911369e-03 3.301553e-04
3.527639e+00 -5.784165e-01 -1.924892e-01 2.723486e-02 9.366500e-03 -2.814568e-02 6.219480e-04
3.251129e+00 3.038049e-01 -9.099109e-01 9.134882e-03 2.177298e-02 7.269654e-03 2.056377e-03
7.940477e+00 -3.569422e-01 -4.081024e-01 6.912290e-03 2.162763e-02 -1.891637e-02 2.581597e-04
8.801801e+00 -8.766921e-02 -1.470948e-01 1.466593e-02 4.702839e-02 -2.802914e-02 1.352931e-03
5.381261e+00 -1.435280e-02 6.600289e-02 -1.166023e-02 -7.810077e-02 -1.698357e-02 3.412837e-03
3.184157e+00 -2.131811e-01 4.714499e-01 2.518635e-03 -2.728537e-02 -1.233795e-02 2.778813e-04
3.436608e+00 -4.111141e-01 -3.623465e-01 -1.117767e-01 2.177229e-02 -2.470258e-02 1.662505e-03
6.490427e-01 -3.941075e-01 3.931022e-01 1.138368e-01 -2.187927e-02 -2.193522e-02 -1.956477e-03
1.486717e+00 9.994398e-02 -8.705872e-01 1.138248e-01 2.669383e-02 3.064469e-03 -2.053357e-03
8.892545e+00 -2.191994e-01 -5.644065e-01 -7.241609e-03 2.649278e-02 -1.028904e-02 1.155046e-03
4.598391e+00 -1.744159e-02 -3.952652e-02 3.463478e-04 1.130700e-01 -4.989359e-02 4.643663e-03
1.097236e+00 4.523604e-03 5.741372e-01 2.167374e-02 -3.217337e-02 2.534927e-04 -2.959296e-03
5.728437e+00 -1.363242e-01 2.509070e-01 1.412559e-02 -3.548240e-02 -1.927850e-02 -4.315046e-04
4.635370e+00 7.400279e-01 -5.680718e-02 6.513011e-02 2.102218e-03 2.738561e-02 -5.977537e-05
6.708988e+00 -1.026781e-03 2.433799e-01 1.806447e-02 -4.925952e-02 -2.078180e-04 3.110707e-03
9.735671e-01 -1.870294e-01 3.475081e-01 3.478804e-02 -3.555240e-02 -1.913435e-02 1.840113e-03
2.876360e+00 8.795938e-01 2.419345e-01 2.438176e-01 -6.596896e-03 2.398413e-02 -8.605249e-04
1.747312e+00 -8.305715e-03 -4.877203e-02 5.749666e-03 1.058144e-01 -1.801984e-02 4.688133e-03
6.335813e+00 5.588440e-01 3.949895e-01 -2.398717e-02 -1.515123e-02 2.143646e-02 5.830483e-05
4.733943e+00 -3.430635e-01 -5.132052e-04 -6.905097e-03 5.730102e-05 -3.830415e-02 2.607512e-03
8.377046e+00 -5.977292e-01 5.053245e-01 -8.100996e-02 -1.871374e-02 -2.213577e-02 -4.066749e-04
5.717937e+00 3.049422e-01 6.704866e-01 5.499905e-02 -2.477037e-02 1.126574e-02 5.203113e-04
4.211428e+00 1.666106e-01 7.548323e-01 6.304617e-02 -2.236397e-02 4.936296e-03 -1.512681e-04
1.352341e+00 1.416530e-02 4.635472e-01 6.332645e-02 -3.046653e-02 9.310110e-04 1.531834e-03
2.648695e+00 5.352266e-01 7.942740e-01 2.489090e-01 -2.001124e-02 1.348470e-02 2.847312e-04
5.219095e+00 -4.168640e-01 1.600224e-01 -9.202501e-03 -1.192764e-02 -3.107193e-02 -3.089767e-03
9.646272e+00 -1.080524e-01 1.731960e-01 -2.889860e-02 -4.672595e-02 -2.915109e-02 -3.781359e-03
6.578784e+00 1.522352e-01 -1.289342e-02 -1.073103e-02 4.554574e-03 5.377676e-02 9.978098e-04
1.334015e+00 4.978191e-01 -4.242427e-01 2.831053e-02 1.768814e-02 2.075579e-02 -7.822704e-04
9.814606e+00 5.448522e-01 2.711253e-01 6.765799e-03 -1.327728e-02 2.668196e-02 -6.243551e-04
9.792341e+00 -1.092718e-01 -2.889889e-01 -1.593192e-02 3.799880e-02 -1.436802e-02 -4.073394e-04
2.518417e+00 7.565262e-01 -2.373791e-01 1.244622e-01 8.398386e-03 2.676562e-02 -1.655777e-03
2.398643e+00 -6.570744e-02 2.052627e-02 1.463018e-03 -2.580207e-02 -8.259602e-02 4.230418e-03
8.921346e-01 -8.430038e-01 -2.601090e-01 -6.871606e-02 7.986818e-03 -2.588499e-02 1.583992e-03
2.990898e+00 3.486202e-03 2.066868e-01 -3.847954e-03 -4.461957e-02 7.526020e-04 -1.738895e-03
7.888036e-01 -2.778445e-01 -2.521307e-01 -3.256087e-02 2.688424e-02 -2.962605e-02 -4.033671e-03
3.474634e+00 1.251979e-01 5.728344e-01 -6.647043e-02 -3.131035e-02 6.843146e-03 2.867644e-03
1.567093e+00 1.256559e-01 -8.362668e-02 2.259663e-02 3.176554e-02 4.773032e-02 1.873240e-04
3.507264e+00 -6.128191e-01 7.373447e-01 3.071921e-02 -1.765444e-02 -1.467289e-02 -1.839881e-05
4.212636e+00 5.629334e-01 -5.562917e-02 -4.177595e-03 2.820364e-03 2.854037e-02 3.851006e-04
5.139295e+00 -1.630785e-02 -1.440896e-01 2.662231e-02 6.338084e-02 -7.173349e-03 -1.889654e-03
9.668050e+00 -4.724673e-01 5.621397e-01 -7.322639e-02 -1.989653e-02 -1.672264e-02 6.086517e-04
6.098907e+00 -3.291569e-01 7.148720e-02 7.918943e-02 -7.196000e-03 -3.313338e-02 -8.660925e-04
1.679213e+00 6.455012e-01 5.604733e-01 -1.183277e-03 -1.612795e-02 1.857469e-02 2.606844e-03
5.488603e+00 -4.592424e-01 -3.423362e-01 2.908328e-02 1.719704e-02 -2.306974e-02 -1.799798e-03
3.834733e+00 1.769303e-01 -4.138015e-01 -2.217541e-02 3.192475e-02 1.365015e-02 -2.022164e-03
6.680614e+00 9.442295e-02 7.929015e-01 7.422099e-02 -2.396198e-02 2.853521e-03 -1.165014e-03
5.219699e+00 -4.435101e-02 3.858528e-02 1.778304e-03 -5.468024e-02 -6.285102e-02 -1.050391e-03
7.916791e+00 -5.007058e-01 6.422798e-01 2.771649e-02 -1.751759e-02 -1.365629e-02 -1.362398e-03
5.316759e+00 3.407426e-01 -2.775456e-01 -1.793887e-02 1.955582e-02 2.400868e-02 6.842751e-04
1.208379e+00 -4.106230e-01 -6.004947e-01 9.500002e-02 2.479518e-02 -1.695514e-02 -2.834326e-03
5.854896e+00 5.442886e-01 2.435669e-01 -1.120492e-02 -1.110094e-02 2.480681e-02 -3.269064e-03
1.697843e+00 -2.128798e-01 1.432830e-01 2.867895e-02 -2.233721e-02 -3.318707e-02 1.259895e-03
9.244058e+00 -1.186644e-01 -7.453902e-02 2.172058e-03 3.299064e-02 -5.252034e-02 -3.316957e-03
1.756284e+00 3.052361e-01 -1.762425e-01 2.856901e-02 1.937210e-02 3.355073e-02 -6.171037e-04
1.736205e+00 6.980344e-02 7.508804e-02 -1.719898e-02 -5.385207e-02 5.006203e-02 -6.370542e-04
3.785480e+00 3.068283e-01 1.070161e-01 -1.524472e-02 -1.446649e-02 4.147722e-02 2.563271e-03
9.243149e-01 4.203445e-02 6.790971e-01 -5.636896e-02 -2.775676e-02 1.718076e-03 -2.450092e-04
3.385388e+00 -1.500389e-01 -5.326707e-02 -3.836383e-03 2.087129e-02 -5.878875e-02 -3.695113e-03
5.292877e+00 4.362980e-01 -6.082596e-01 6.244528e-02 1.924848e-02 1.380672e-02 1.945607e-04
7.617395e+00 -4.867038e-01 -6.402835e-01 -1.011221e-01 1.864236e-02 -1.417076e-02 -4.423625e-05
9.684140e+00 2.659175e-01 -2.238185e-01 -2.887120e-02 2.498435e-02 2.968377e-02 3.088672e-03
4.396495e+00 1.758193e-01 -8.692643e-02 3.444745e-02 2.200336e-02 4.450448e-02 7.876770e-04
7.503079e-01 1.451398e-01 -2.404057e-01 6.920016e-03 3.453010e-02 2.084681e-02 -1.846259e-04
6.606736e+00 6.413496e-01 7.099519e-01 -7.914773e-02 -1.615337e-02 1.459248e-02 -2.169827e-03
9.474647e+00 -3.842291e-04 1.110087e-02 3.231312e-04 -1.897369e-01 -6.567268e-03 -5.653409e-03
1.485150e+00 -5.663645e-02 -5.353213e-01 -6.049421e-02 2.900646e-02 -3.068854e-03 7.388552e-04
6.388425e+00 -2.101989e-01 -4.123686e-02 1.325381e-02 1.030803e-02 -5.254367e-02 6.935625e-03
6.642295e+00 1.186070e-01 -3.122977e-01 -2.211276e-02 3.404250e-02 1.292894e-02 2.430793e-03
8.963202e+00 8.185907e-02 -3.642047e-01 1.495269e-02 3.673908e-02 8.257518e-03 -4.099737e-04
9.772153e+00 9.051083e-02 -1.851432e-02 -2.063812e-03 1.528313e-02 7.471450e-02 2.181446e-03
3.036120e+00 1.738052e-01 -6.218731e-01 8.737450e-02 2.630835e-02 7.352833e-03 -3.363775e-04
9.831440e+00 7.985796e-01 -3.600420e-01 -2.640537e-02 9.103628e-03 2.019201e-02 1.475887e-04
9.367743e+00 1.588977e-02 5.964599e-02 -5.705017e-03 -9.416025e-02 2.508441e-02 -9.011845e-04
3.919781e+00 8.279895e-01 -6.031337e-02 5.342861e-02 1.778079e-03 2.440969e-02 -2.102828e-03
5.621174e+00 8.195647e-01 -6.179432e-02 1.113803e-01 2.044139e-03 2.711097e-02 7.841817e-04
7.700507e+00 1.387786e-01 -1.545501e-01 -1.448957e-02 4.007323e-02 3.598384e-02 -7.882701e-04
5.355489e+00 2.772185e-01 -4.689966e-01 -7.545367e-03 2.862826e-02 1.692183e-02 -1.115702e-03
6.975734e+00 5.266710e-02 3.929536e-02 -3.902963e-03 -5.234226e-02 7.015370e-02 -3.120591e-03
1.559250e+00 3.255161e-01 -5.522540e-01 1.435610e-01 2.610634e-02 1.538791e-02 2.351795e-03
7.505461e+00 4.521752e-01 -6.226110e-01 -8.953145e-02 2.343090e-02 1.701684e-02 6.433378e-04
8.357882e+00 -8.031662e-02 1.087355e-03 6.958897e-03 -1.179382e-03 -8.711411e-02 1.355228e-03
2.629416e+00 -5.228465e-01 5.164540e-01 -1.223764e-02 -1.800313e-02 -1.822597e-02 4.195927e-04
6.933559e+00 8.315922e-01 -3.189760e-01 -5.007802e-02 8.055825e-03 2.100209e-02 -3.988925e-05
5.494639e+00 5.759411e-02 8.540050e-01 1.168883e-02 -2.474928e-02 1.669092e-03 -6.326887e-04
7.215121e+00 -6.396415e-01 -1.181064e-01 -1.187408e-01 5.563426e-03 -3.013045e-02 2.466430e-03
3.585610e+00 -1.777997e-01 2.067435e-02 -1.170856e-03 -6.969869e-03 -5.994098e-02 -4.331280e-03
2.911184e+00 1.445405e-01 -3.433928e-01 2.992908e-02 3.865955e-02 1.627253e-02 2.994699e-03
7.028027e+00 7.115667e-02 3.094573e-01 5.920454e-02 -3.980651e-02 9.153118e-03 -3.367804e-03
8.795444e+00 6.158986e-01 5.423801e-01 -1.601584e-02 -1.528391e-02 1.735561e-02 -8.655047e-04
6.627114e+00 2.767125e-01 7.853006e-02 -5.545786e-02 -1.228007e-02 4.327067e-02 3.097285e-03
6.948589e-01 1.541016e-01 -1.640282e-01 1.759584e-02 3.580221e-02 3.363553e-02 -1.509471e-05
8.611190e+00 -9.045698e-01 1.389371e-01 1.978060e-02 -3.623009e-03 -2.358812e-02 -1.457222e-03
3.903001e+00 -1.175033e-02 -4.005807e-02 3.433730e-03 9.507282e-02 -2.788795e-02 3.024144e-03
3.737093e+00 -4.107023e-01 -1.700055e-01 -2.240166e-02 1.255248e-02 -3.032450e-02 -1.680501e-03
3.729076e+00 9.039853e-01 2.514277e-01 1.677742e-01 -6.608404e-03 2.375991e-02 -2.688199e-03
9.161494e+00 7.469728e-02 -1.091141e-01 2.179514e-02 5.414495e-02 3.706651e-02 -1.660757e-03
7.253795e+00 7.743002e-02 -3.814263e-01 -5.022276e-02 3.536799e-02 7.179748e-03 1.595113e-03
7.197738e+00 8.719429e-01 -1.065142e-01 2.167808e-02 3.080393e-03 2.521662e-02 -1.639024e-03
3.682867e+00 -5.487259e-01 3.082901e-01 1.557815e-02 -1.530322e-02 -2.723822e-02 8.911436e-05
4.091747e+00 -8.871324e-02 1.526799e-01 1.142203e-02 -4.342605e-02 -2.523231e-02 -3.414191e-03
5.151323e+00 3.003370e-02 6.924323e-02 -7.984973e-03 -8.129841e-02 3.526254e-02 4.046916e-03
4.239551e+00 1.790125e-01 1.316755e-01 1.003648e-02 -3.204988e-02 4.357173e-02 1.579995e-03
8.942531e+00 3.963407e-01 -8.977227e-01 -4.416646e-02 2.121498e-02 9.366322e-03 3.651396e-05
1.680827e+00 2.539566e-02 1.467733e-01 9.347337e-03 -6.142105e-02 1.062746e-02 -1.196792e-03
9.618186e+00 5.769639e-01 3.279816e-01 1.136761e-01 -1.324547e-02 2.330057e-02 6.010432e-04
5.598880e-01 7.280155e-01 -6.100577e-01 -7.572350e-02 1.687783e-02 2.014124e-02 3.043184e-03
9.518386e+00 6.057025e-01 3.581237e-01 1.159471e-01 -1.316263e-02 2.226225e-02 2.819280e-03
2.510147e+00 -6.781004e-01 4.386215e-01 -4.340186e-02 -1.367627e-02 -2.114325e-02 3.485165e-03
9.708086e+00 -7.009315e-02 -3.000989e-01 2.033208e-02 3.796477e-02 -8.867313e-03 -1.128285e-04
9.115186e+00 2.899206e-02 3.903071e-01 2.350982e-02 -3.857049e-02 2.865021e-03 -7.522492e-04
5.650048e+00 -9.244812e-01 9.174762e-05 -2.606693e-02 -2.208373e-06 -2.225234e-02 -4.269620e-04
9.028665e-01 3.659643e-01 7.214403e-01 5.213983e-03 -2.267237e-02 1.150099e-02 -1.165687e-03
9.451684e+00 7.047862e-01 3.146708e-01 1.668462e-01 -1.137825e-02 2.548452e-02 6.108874e-04
3.442718e+00 2.427387e-01 -4.913821e-01 -2.260219e-02 2.667499e-02 1.317722e-02 -9.897408e-05
7.349553e+00 -1.037620e-02 -9.763504e-02 -2.180566e-02 6.754981e-02 -7.178880e-03 2.426558e-03
9.466398e+00 3.747954e-01 4.715442e-01 3.314276e-02 -2.351368e-02 1.868928e-02 6.919110e-04
2.567890e+00 5.232162e-01 3.479307e-01 4.795555e-02 -1.389036e-02 2.088825e-02 1.401803e-03
2.882722e+00 -6.093034e-01 1.793185e-02 4.993206e-02 -8.133127e-04 -2.763541e-02 -1.120155e-03
8.934499e+00 1.137094e-01 -2.769703e-01 -3.791063e-03 3.517867e-02 1.444251e-02 4.177096e-04
4.518107e+00 -2.372326e-01 -3.130914e-01 7.677797e-02 2.703280e-02 -2.048303e-02 2.314073e-03
7.121854e+00 8.751512e-01 -4.569583e-01 9.481093e-04 1.031787e-02 1.976044e-02 1.640599e-04
5.872603e-01 -1.104406e-01 6.130792e-01 -2.568273e-02 -2.808440e-02 -5.059145e-03 -4.636800e-05
5.510205e+00 -1.533913e-01 -1.494145e-01 -2.438942e-02 3.604358e-02 -3.700292e-02 -3.487505e-03
6.309630e-01 -6.971633e-01 -4.729841e-01 1.298546e-01 1.302451e-02 -1.919772e-02 -7.460904e-04
3.814144e+00 1.588174e-01 6.352652e-01 5.867576e-02 -2.989318e-02 7.473347e-03 1.670119e-05
9.871301e-01 1.513223e-01 -1.320701e-01 -3.388153e-02 3.467111e-02 3.972521e-02 1.800092e-03
5.566108e+00 -2.207560e-01 -6.081794e-01 1.526401e-02 2.420812e-02 -8.787026e-03 6.118033e-06
3.105172e+00 5.701926e-01 -4.622436e-01 7.158591e-02 1.855521e-02 2.288845e-02 -3.289242e-04
8.798573e+00 3.199177e-01 6.022724e-01 9.056280e-03 -2.256289e-02 1.198506e-02 -4.665350e-04
3.203683e+00 -9.832618e-03 -5.981345e-01 -1.942544e-02 2.637845e-02 -4.336302e-04 -1.966488e-04
7.878503e+00 -4.775026e-01 1.729186e-01 5.972629e-02 -9.824663e-03 -2.713012e-02 2.526556e-04
9.469612e+00 -5.312396e-01 -6.124994e-01 6.221802e-02 2.130275e-02 -1.847653e-02 -1.266392e-03
1.703903e+00 3.163178e-01 -1.784283e-01 -4.120840e-02 1.678921e-02 2.976392e-02 4.468934e-03
9.933511e+00 -1.228303e-02 -4.336803e-03 1.033099e-03 6.892377e-02 -1.952113e-01 -3.278612e-03
4.716118e+00 -2.950639e-01 1.178821e-01 2.794762e-02 -1.691431e-02 -4.233723e-02 -1.994632e-03
4.331193e+00 -9.599068e-01 2.476108e-02 -6.771887e-02 -5.801366e-04 -2.249002e-02 1.784365e-03
4.060120e+00 -4.268628e-01 2.984896e-01 -9.257394e-03 -1.933581e-02 -2.765167e-02 1.551194e-03
9.525525e+00 6.131955e-01 5.484085e-01 1.312329e-01 -1.669588e-02 1.866827e-02 -9.797414e-04
5.318986e+00 1.984205e-01 9.615072e-01 -1.698764e-01 -2.056123e-02 4.243098e-03 -1.584670e-04
1.920543e+00 2.720118e-02 1.612526e-01 -1.940287e-02 -5.839520e-02 9.850497e-03 1.362955e-03
5.580207e+00 1.469793e-01 -8.048263e-01 3.754526e-02 2.748039e-02 5.018533e-03 3.134626e-04
9.558504e+00 -7.955837e-02 1.307761e-01 -2.700602e-03 -4.773415e-02 -2.903933e-02 1.364506e-03
3.230636e+00 1.803526e-02 1.479597e-01 1.953221e-02 -5.082038e-02 6.194651e-03 4.796941e-03
5.812265e+00 4.674957e-01 -4.251323e-01 -1.036654e-02 1.999324e-02 2.198552e-02 7.489655e-04
4.996391e+00 -3.017222e-01 -6.915684e-02 1.189705e-02 9.085644e-03 -3.963948e-02 -2.355744e-03
7.615671e+00 2.289818e-02 -9.153525e-03 -1.035783e-03 5.512808e-02 1.379068e-01 -8.136231e-03
6.349227e+00 7.988041e-02 -6.504046e-01 3.055178e-02 2.909963e-02 3.573915e-03 2.441358e-04
2.960612e+00 -1.891119e-01 3.101540e-01 -1.987413e-03 -3.094112e-02 -1.886590e-02 -3.065277e-03
2.969528e+00 -7.343045e-01 -5.954488e-01 1.987404e-01 1.315438e-02 -1.622191e-02 6.045486e-04
4.382644e+00 5.295364e-02 -2.186193e-01 2.744625e-02 4.139451e-02 1.002652e-02 1.729141e-03
9.956867e+00 5.495715e-01 6.486459e-01 -7.900936e-02 -1.799769e-02 1.524872e-02 -2.241705e-03
6.999135e-01 -3.432122e-01 -2.320682e-01 -2.686255e-02 1.822953e-02 -2.696016e-02 9.254273e-04
5.446084e+00 -5.027295e-01 2.084143e-01 -1.439614e-02 -1.243887e-02 -3.000459e-02 1.352251e-04
5.570757e+00 -4.717399e-01 -1.265202e-01 -2.975299e-03 8.841413e-03 -3.296585e-02 1.327754e-03
8.078438e+00 1.410524e-01 -8.243443e-02 -1.551149e-02 2.836288e-02 4.853133e-02 6.445690e-04
3.735406e+00 -1.309678e-02 -1.064548e-01 -1.921535e-02 6.755042e-02 -8.310506e-03 5.185744e-04
5.145289e+00 1.634934e-01 -1.478408e-01 7.786350e-03 3.504313e-02 3.875332e-02 5.222695e-04
7.737083e-01 -1.423169e-01 -5.512188e-01 -5.665524e-02 3.025444e-02 -7.811271e-03 2.079455e-04
7.161804e+00 4.553745e-02 -6.942295e-01 3.505467e-02 2.840691e-02 1.863330e-03 -2.116733e-03
8.752240e+00 8.808418e-01 1.164229e-01 -1.069371e-02 -3.379615e-03 2.556975e-02 -1.417976e-03
8.864489e+00 2.474667e-01 -5.702486e-01 3.365496e-02 2.321573e-02 1.007477e-02 1.580078e-03
8.636464e+00 -1.695633e-01 6.076636e-02 -1.636656e-02 -1.653711e-02 -4.614538e-02 1.991351e-04
8.637287e+00 8.363965e-02 -4.493861e-01 7.429366e-02 3.436138e-02 6.395333e-03 -7.730734e-04
7.075549e+00 3.783903e-01 9.125783e-01 -2.339117e-02 -2.316602e-02 9.605530e-03 -1.167065e-03
9.518707e+00 6.933379e-01 -3.531662e-01 4.328535e-02 1.211335e-02 2.378099e-02 -3.322408e-03
5.126253e+00 6.146038e-02 2.187934e-01 4.424468e-02 -4.817990e-02 1.353402e-02 -5.639811e-04
3.465602e+00 5.137741e-01 8.578039e-01 -1.234814e-01 -2.159117e-02 1.293184e-02 8.011958e-04
2.266318e+00 4.558747e-01 -8.610782e-01 -2.395222e-02 2.022953e-02 1.070998e-02 -8.674017e-04
9.923551e+00 1.872930e-01 -9.311764e-02 -2.621374e-02 2.077136e-02 4.177865e-02 -3.208672e-03
3.676808e+00 5.870906e-01 4.148209e-01 -1.117374e-01 -1.509980e-02 2.137055e-02 -1.036026e-03
9.444927e+00 4.432184e-01 -7.177918e-01 -4.241619e-03 2.035289e-02 1.256740e-02 1.642866e-03
6.382489e+00 1.653935e-01 1.523186e-01 9.107688e-03 -3.100871e-02 3.367047e-02 -5.086259e-03
1.121599e+00 -3.806972e-03 -1.689547e-02 1.159332e-03 1.654459e-01 -3.727911e-02 -7.804047e-03
4.544557e+00 -1.212452e-01 -1.836899e-02 -1.887152e-02 1.028448e-02 -6.788309e-02 -6.914848e-03
6.321904e-01 3.457492e-02 -7.444232e-02 -2.065748e-02 7.109129e-02 3.301852e-02 -3.960366e-03
7.974659e+00 -6.472385e-01 -6.736712e-01 -1.134726e-02 1.505669e-02 -1.446592e-02 1.224348e-04
3.659076e+00 -9.357193e-01 1.688299e-01 -6.275284e-02 -3.792096e-03 -2.101723e-02 7.273477e-04
5.158491e+00 -2.412751e-02 -1.701437e-01 -2.361017e-02 5.257831e-02 -7.455958e-03 -9.359580e-04
9.078962e+00 2.502546e-01 1.430048e-01 4.130395e-02 -1.961819e-02 3.433132e-02 1.618054e-03
3.167367e+00 -7.152055e-01 -5.337010e-01 -4.776518e-02 1.332913e-02 -1.786218e-02 -2.124845e-03
3.863535e+00 8.050445e-01 -5.479562e-01 -7.580250e-02 1.439010e-02 2.114160e-02 -1.203394e-03
6.442644e+00 6.881600e-01 -2.221729e-02 -6.335469e-02 9.868844e-04 3.056783e-02 7.819223e-04
7.481316e+00 -7.127976e-01 3.104659e-01 -2.768616e-02 -1.157026e-02 -2.656412e-02 -1.305907e-03
4.406246e+00 -3.738925e-02 5.459084e-01 3.203960e-03 -3.078358e-02 -2.108366e-03 1.148841e-03
3.617458e+00 -2.729333e-01 2.978488e-01 -3.710475e-02 -2.729958e-02 -2.501594e-02 -1.077823e-03
8.843774e+00 -4.859298e-02 -9.352068e-03 -1.080561e-02 1.876734e-02 -9.751436e-02 -3.192541e-03
2.400350e+00 -2.230843e-01 -1.202498e-01 -2.389186e-02 1.995769e-02 -3.702499e-02 -1.859658e-04
5.507986e+00 4.932054e-01 -6.467105e-02 -3.505613e-02 4.715073e-03 3.595889e-02 1.507421e-03
6.454308e+00 6.988599e-01 -2.483978e-01 -1.693628e-02 9.752522e-03 2.743843e-02 -7.352972e-04
5.273594e+00 -2.520582e-01 6.879842e-03 1.108757e-02 -1.348237e-03 -4.939563e-02 -4.414966e-04
7.012058e+00 -4.112167e-02 -3.566233e-02 2.591384e-03 5.673323e-02 -6.541819e-02 -8.928352e-04
8.791491e+00 5.574009e-01 3.106349e-01 -1.157133e-02 -1.280820e-02 2.298294e-02 -1.274326e-03
5.718257e+00 1.812756e-01 2.798198e-01 -5.791239e-02 -3.138188e-02 2.033011e-02 7.253682e-04
5.792017e+00 2.816227e-01 -7.871822e-01 1.238667e-01 2.592584e-02 9.275241e-03 7.741536e-04
6.196117e-01 -4.954542e-01 -1.485528e-01 6.058503e-02 8.172721e-03 -2.725770e-02 8.459600e-04
1.558997e+00 -3.702863e-02 1.295232e-01 -1.223326e-02 -5.166383e-02 -1.476987e-02 2.260620e-03
4.459907e+00 -4.042959e-01 -2.751175e-01 -8.369770e-02 1.976810e-02 -2.905000e-02 2.380340e-04
8.314359e+00 -1.152626e-01 8.766429e-02 -2.234746e-02 -3.378495e-02 -4.442105e-02 1.453254e-04
5.090097e+00 -7.214370e-01 1.191986e-01 1.487792e-01 -3.908580e-03 -2.365627e-02 7.049013e-04
2.807892e+00 2.742863e-01 -2.585400e-01 1.597833e-02 2.444734e-02 2.593630e-02 6.207604e-04
7.740432e+00 -8.175626e-01 -2.473893e-01 -1.912237e-02 7.768416e-03 -2.567277e-02 7.902432e-04
6.489360e+00 4.688550e-01 4.763776e-01 5.311788e-02 -2.172748e-02 2.138437e-02 -7.445335e-04
2.548952e+00 5.264507e-01 -3.406566e-01 5.859031e-02 1.464122e-02 2.262654e-02 2.089421e-03
9.253445e+00 2.631345e-01 4.921107e-02 2.683533e-02 -8.580131e-03 4.587847e-02 -5.002251e-04
5.797018e+00 2.827470e-01 -2.620328e-01 5.683437e-02 2.670919e-02 2.882061e-02 1.884871e-03
3.047805e+00 -1.300299e-01 3.632437e-02 2.232721e-03 -1.590406e-02 -5.693155e-02 2.881263e-03
5.574261e+00 6.030452e-01 -1.580625e-01 3.562595e-03 8.004128e-03 3.053761e-02 -6.396540e-04
3.663907e+00 -3.258103e-01 3.616132e-01 3.723384e-04 -2.706599e-02 -2.438621e-02 -2.085491e-03
4.053737e+00 -4.617752e-02 -2.727252e-01 3.984476e-02 4.491872e-02 -7.605585e-03 -4.412718e-04
5.236090e+00 8.231996e-01 -3.765544e-01 -2.568631e-01 8.521703e-03 1.862962e-02 3.558873e-04
9.732287e+00 -3.848246e-01 1.454058e-01 -3.020277e-03 -1.197171e-02 -3.168381e-02 -1.309496e-03
5.669003e+00 -2.691712e-01 -6.953119e-01 3.093645e-02 2.349831e-02 -9.096733e-03 3.090058e-04
8.561480e+00 2.593570e-01 1.287239e-01 -1.994589e-02 -2.114752e-02 4.260871e-02 -4.121675e-03
8.195197e+00 7.560548e-01 -3.037127e-01 7.610334e-02 9.155445e-03 2.279134e-02 3.713586e-04
9.170078e+00 1.008222e-03 7.478407e-04 -1.590227e-04 -3.687846e-01 4.971871e-01 -4.173719e-02
4.158328e+00 -2.748991e-01 1.514824e-01 5.488510e-02 -2.082550e-02 -3.779259e-02 -1.411850e-03
7.913523e+00 7.253151e-03 1.683930e-03 3.835550e-04 -5.263387e-02 2.267086e-01 -8.963407e-03
3.457354e+00 -1.172269e-01 -1.032196e-01 -6.536179e-03 3.853872e-02 -4.376861e-02 4.964354e-04
7.149784e+00 8.189132e-01 4.958354e-01 -2.069908e-01 -1.265216e-02 2.089609e-02 4.256284e-04
8.340112e+00 1.186035e-01 4.339361e-01 -2.731296e-02 -3.428509e-02 9.370806e-03 -3.076928e-04
3.488815e+00 -5.748315e-02 5.705745e-01 -8.391818e-02 -3.221869e-02 -3.245907e-03 2.394609e-03
7.016317e+00 -2.905417e-02 -1.769108e-01 -3.506878e-02 5.061766e-02 -8.312970e-03 -1.969381e-03
9.814560e-01 -1.779149e-01 -3.386751e-01 2.270628e-02 3.193147e-02 -1.677443e-02 -7.545412e-05
9.164458e+00 1.933472e-01 4.934714e-01 3.627547e-02 -2.684680e-02 1.051886e-02 6.556590e-04
6.626898e+00 3.060689e-01 5.115897e-01 -1.373033e-01 -2.202868e-02 1.317910e-02 1.391701e-04
6.708416e+00 5.839369e-01 7.152574e-01 5.308592e-02 -1.978176e-02 1.614985e-02 1.817973e-03
1.745428e+00 2.658347e-01 2.284758e-02 2.561285e-02 -3.689673e-03 4.292986e-02 -1.925632e-03
7.436514e+00 6.202858e-01 1.744727e-01 7.502662e-02 -7.883208e-03 2.802640e-02 -3.256925e-04
6.276022e+00 3.213427e-01 3.172721e-01 3.791331e-02 -2.467376e-02 2.499032e-02 -1.005313e-04
