3.913166e+09 0.000000e+00 0.000000e+00 0.000000e+00 0.000000e+00 0.000000e+00 0.000000e+00
6.391230e+00 2.901886e-01 3.668130e-01 -5.843495e-02 -3.109669e-02 2.460083e-02 1.007712e-03
4.236092e+00 7.001543e-02 5.170444e-02 -5.634714e-03 -6.457729e-02 8.744718e-02 -4.488669e-03
9.049832e+00 6.801036e-02 -4.599971e-01 -2.715174e-02 3.762697e-02 5.563131e-03 2.009909e-03
7.158207e+00 6.550453e-02 4.761195e-01 -3.013014e-02 -4.243749e-02 5.838551e-03 1.763766e-03
6.211404e+00 3.199142e-01 4.669446e-02 -1.382048e-02 -7.427815e-03 5.088962e-02 -2.177862e-04
8.385530e-01 5.894154e-01 2.571550e-01 6.056995e-03 -1.391333e-02 3.189023e-02 -1.619807e-03
1.963601e+00 -1.544725e-01 -1.156865e-01 -1.135221e-02 4.226957e-02 -5.644119e-02 4.701867e-03
2.482753e+00 1.005007e-01 -1.449166e-02 -1.309450e-02 1.412835e-02 9.798108e-02 1.043261e-02
3.122215e+00 5.853887e-01 -1.590526e-01 9.657745e-03 8.886290e-03 3.270575e-02 -1.427655e-03
6.322601e+00 5.750361e-01 1.051968e-01 -2.557378e-02 -6.275629e-03 3.430439e-02 1.769384e-03
9.154252e+00 -1.405976e-01 9.614670e-01 6.810897e-02 -2.624910e-02 -3.838468e-03 1.007956e-03
9.704927e+00 -8.021226e-02 -1.340069e-01 -2.214284e-02 6.840864e-02 -4.094724e-02 -3.675952e-04
6.625910e+00 -2.522256e-01 9.046732e-01 -1.437534e-01 -2.948612e-02 -8.220817e-03 -8.904473e-04
9.440110e+00 1.873582e-01 -8.969364e-02 -2.429912e-03 2.817608e-02 5.885612e-02 -3.102596e-04
9.392705e+00 -2.071478e-04 5.280151e-01 3.723917e-03 -4.432609e-02 -1.738975e-05 -2.294526e-03
8.939447e+00 -3.573940e-01 -7.502359e-01 -9.040184e-02 3.149340e-02 -1.500268e-02 9.968814e-04
7.140024e+00 -6.157374e-01 5.607537e-01 -1.084308e-01 -2.086593e-02 -2.291189e-02 2.477591e-03
4.969800e+00 -2.148080e-01 -3.314727e-01 -1.597849e-02 3.801678e-02 -2.463644e-02 -5.625075e-04
3.089024e+00 2.070418e-01 3.996787e-01 7.806717e-02 -4.134271e-02 2.141637e-02 -1.687995e-03
5.896938e+00 6.416827e-01 6.417262e-01 -1.438699e-02 -2.096558e-02 2.096416e-02 -6.917186e-04
8.796051e+00 2.780897e-01 2.619875e-01 -2.532672e-02 -3.350899e-02 3.556850e-02 -1.697055e-03
5.360675e+00 -7.633943e-01 -3.227000e-02 -9.660144e-02 1.297755e-03 -3.070031e-02 -3.612360e-03
6.913784e+00 -3.357546e-02 2.397950e-01 3.397618e-02 -6.245649e-02 -8.744992e-03 1.735616e-03
5.669222e+00 5.048355e-01 3.280691e-01 -6.949769e-02 -2.021047e-02 3.110004e-02 4.792729e-03
8.803666e-01 1.485994e-01 1.088855e-01 -1.729117e-02 -3.941067e-02 5.378494e-02 2.837691e-04
9.014149e+00 -5.366970e-03 -3.645381e-03 -5.328879e-04 1.874056e-01 -2.759109e-01 5.052957e-03
3.052678e+00 1.906128e-01 -1.489038e-01 -2.980694e-03 3.746611e-02 4.796063e-02 6.294796e-03
5.996301e+00 3.453559e-01 -9.379413e-01 1.473661e-01 2.988132e-02 1.100249e-02 1.706663e-03
7.384413e+00 -4.500557e-01 -2.129431e-01 -4.942474e-02 1.756025e-02 -3.711361e-02 2.860911e-03
1.080945e+00 9.943422e-02 5.292456e-02 1.998646e-02 -3.708330e-02 6.967179e-02 -4.945962e-03
2.936257e+00 -3.560611e-01 1.823611e-01 -3.213420e-02 -2.115472e-02 -4.130472e-02 -1.270239e-03
5.823779e+00 -1.864325e-01 9.368717e-01 2.192119e-01 -2.551702e-02 -5.077752e-03 -4.164746e-04
3.503228e+00 -8.049338e-01 -4.856678e-01 1.063900e-01 1.411032e-02 -2.338610e-02 3.863850e-04
4.954936e+00 2.728211e-03 -4.072308e-01 2.051933e-03 4.035205e-02 2.703354e-04 -4.091392e-04
6.803689e+00 -7.586268e-01 3.846004e-02 2.180109e-02 -1.481269e-03 -2.921812e-02 -1.567036e-03
5.503796e+00 7.475501e-01 7.022975e-04 -4.495074e-02 -3.150359e-05 3.353353e-02 2.018894e-03
7.294447e+00 -7.959475e-02 -7.519349e-01 7.672107e-04 3.012815e-02 -3.189163e-03 7.324903e-04
6.584021e+00 -6.164291e-02 4.565140e-01 -4.083014e-02 -4.583887e-02 -6.189606e-03 2.281323e-04
1.879650e+00 2.008291e-01 5.237320e-02 -1.544206e-02 -1.608231e-02 6.166888e-02 3.794571e-04
6.533129e+00 -1.539316e-02 3.463858e-03 -2.601030e-03 -5.466713e-02 -2.429372e-01 -1.966127e-02
9.853320e+00 4.742152e-01 -4.426647e-01 -1.691711e-02 2.642877e-02 2.831246e-02 1.053101e-03
6.937971e-01 -8.762668e-01 1.016528e-01 -3.036209e-02 -3.563554e-03 -3.071851e-02 1.205369e-03
3.809300e+00 1.948159e-01 5.725888e-01 5.798755e-02 -3.739175e-02 1.272206e-02 -2.926396e-03
5.834149e+00 -4.121854e-02 -5.773855e-04 3.387185e-03 1.937834e-03 -1.383386e-01 2.734046e-03
6.624874e+00 1.745847e-01 2.396681e-01 2.554722e-02 -4.531564e-02 3.300988e-02 -3.375401e-03
4.836264e+00 3.996506e-03 8.450628e-02 -8.250140e-03 -8.938287e-02 4.227132e-03 6.051225e-03
9.886972e+00 7.115433e-01 -7.835579e-02 -1.917941e-02 3.581212e-03 3.252073e-02 -7.110049e-04
7.199069e+00 7.445801e-02 -9.102617e-02 7.530804e-03 6.207572e-02 5.077699e-02 -7.226195e-03
5.194872e+00 -8.201530e-01 -1.159806e-01 2.377693e-02 4.392259e-03 -3.105971e-02 3.533314e-04
8.114837e+00 7.290341e-02 -2.612772e-02 -9.943741e-03 3.225540e-02 9.000129e-02 2.439370e-03
7.568146e+00 -3.491020e-02 3.247838e-01 -3.147583e-02 -5.077420e-02 -5.457593e-03 3.066445e-03
5.168895e+00 5.334125e-01 6.760529e-01 9.297911e-02 -2.535807e-02 2.000777e-02 -7.890056e-04
7.921985e+00 -7.074216e-01 -4.720018e-02 1.499020e-01 2.265659e-03 -3.395700e-02 -1.516569e-03
6.394011e+00 3.532583e-03 7.774734e-02 -7.812485e-05 -9.763888e-02 4.436389e-03 6.188938e-04
7.168755e+00 5.185139e-01 -4.923365e-02 -4.546049e-02 3.317002e-03 3.493367e-02 3.396391e-03
5.725725e+00 1.987852e-01 1.228193e-01 -2.091312e-02 -3.010624e-02 4.872747e-02 -2.240896e-03
2.274597e+00 3.797389e-02 3.432360e-02 -5.807098e-03 -7.456791e-02 8.249815e-02 1.558867e-03
7.261168e+00 -2.773736e-01 -7.003004e-01 5.873431e-02 2.844432e-02 -1.126617e-02 1.641515e-05
3.914788e+00 -2.970169e-05 -1.090255e-01 8.674850e-03 9.141044e-02 -2.490284e-05 -5.220029e-03
8.616563e+00 4.633861e-01 -3.929268e-01 -4.811858e-02 2.364959e-02 2.789041e-02 4.739797e-04
1.154820e+00 -7.154380e-01 -3.318703e-01 -3.010443e-02 1.502960e-02 -3.240046e-02 1.894771e-03
9.516536e+00 -2.722540e-01 -4.634810e-01 -2.234618e-02 3.109269e-02 -1.826420e-02 1.506561e-03
7.389700e+00 6.072913e-02 -8.618847e-02 -4.710333e-04 7.522724e-02 5.300575e-02 1.412655e-02
9.583534e+00 3.972030e-01 3.982382e-01 6.861357e-02 -2.331618e-02 2.325557e-02 2.770301e-03
5.788676e+00 -9.787693e-01 4.176128e-02 -8.464612e-02 -1.164280e-03 -2.728751e-02 -9.923497e-04
7.390934e+00 -4.678935e-01 5.226343e-02 3.900251e-02 -4.920944e-03 -4.405524e-02 2.072405e-03
1.765209e+00 -7.957943e-01 2.552067e-01 -7.542845e-02 -9.414903e-03 -2.935787e-02 -1.888693e-03
8.484448e+00 -3.923972e-02 1.407764e-01 -1.479161e-02 -7.657936e-02 -2.134557e-02 -1.466296e-03
6.874367e+00 -3.302669e-01 4.396048e-01 -9.927097e-02 -2.880264e-02 -2.163889e-02 -2.878345e-03
4.179521e+00 3.989416e-01 2.756425e-01 8.745043e-02 -2.182321e-02 3.158507e-02 -6.219230e-04
9.241190e+00 -5.370784e-01 7.565549e-02 -2.923943e-02 -6.060400e-03 -4.302279e-02 -1.070572e-03
5.103604e+00 -4.810517e-02 1.920888e-01 -3.422356e-02 -5.515927e-02 -1.381365e-02 3.015009e-03
6.673803e+00 -3.659356e-01 -3.033574e-01 4.227262e-02 2.547095e-02 -3.072524e-02 3.684678e-03
9.463164e+00 7.228004e-02 -3.928887e-01 5.700567e-03 5.011958e-02 9.220539e-03 -3.003187e-03
3.319125e+00 -2.823833e-01 6.102883e-01 2.568705e-02 -2.896136e-02 -1.340056e-02 -1.386224e-03
3.240047e+00 -7.459213e-02 1.790450e-02 1.283113e-03 -2.596976e-02 -1.081929e-01 3.381956e-04
4.725644e+00 4.647842e-02 7.895495e-02 -9.469296e-03 -7.988811e-02 4.702774e-02 -1.101741e-03
5.373865e+00 1.595316e-01 -4.779524e-01 6.620292e-02 4.027656e-02 1.344356e-02 -3.381790e-04
4.242192e+00 -2.519634e-01 -4.693213e-01 5.846969e-02 3.413525e-02 -1.832611e-02 -1.221786e-03
4.147009e+00 -7.038163e-01 -5.695789e-01 -7.664788e-02 1.662890e-02 -2.054798e-02 -8.417333e-04
9.722642e+00 -5.572028e-01 -4.988044e-01 -9.335212e-02 2.163600e-02 -2.416907e-02 -2.382175e-03
7.289763e+00 -8.258638e-01 2.816080e-01 3.515029e-03 -1.031223e-02 -3.024240e-02 3.553682e-04
3.804742e+00 7.382204e-01 -7.797538e-02 1.086368e-02 3.108781e-03 2.943193e-02 1.947758e-03
6.354111e-01 -5.682220e-02 -1.100733e-02 -2.116365e-03 2.307605e-02 -1.191236e-01 3.596487e-03
1.652903e+00 2.489407e-02 -2.409222e-02 -3.411246e-03 1.100809e-01 1.137447e-01 1.809785e-03
2.260698e+00 -1.691215e-01 1.568224e-01 4.286659e-03 -4.451538e-02 -4.800659e-02 6.116449e-03
8.631651e+00 5.116755e-01 7.453936e-01 2.700294e-02 -2.162823e-02 1.484670e-02 1.262576e-04
5.088693e+00 5.833975e-01 7.877963e-01 -1.165879e-01 -2.462807e-02 1.823816e-02 -2.583121e-03
5.077331e+00 6.191236e-02 7.696760e-01 1.100512e-02 -3.407672e-02 2.741115e-03 -1.684277e-03
5.960171e+00 -4.484265e-02 -1.026137e-01 -2.499621e-03 8.039142e-02 -3.513142e-02 -4.842217e-03
6.028506e+00 -4.563389e-02 -5.430030e-01 6.687324e-02 4.012287e-02 -3.371920e-03 1.860738e-04
1.777054e+00 3.395464e-01 2.389533e-01 1.086962e-02 -2.714502e-02 3.857237e-02 2.480407e-03
5.742402e+00 -2.653099e-01 5.660763e-01 1.135385e-01 -3.350291e-02 -1.570222e-02 1.293533e-03
7.742148e+00 1.316653e-02 2.878738e-03 -5.000534e-04 -4.830554e-02 2.209358e-01 2.933764e-03
6.618960e+00 2.572947e-01 6.729902e-01 5.204961e-02 -3.162586e-02 1.209106e-02 -1.319846e-03
7.688033e+00 3.294672e-01 -1.382649e-01 1.661831e-02 1.920963e-02 4.577406e-02 1.564670e-04
6.533386e+00 -8.670365e-01 -4.251991e-02 -9.104968e-02 1.330725e-03 -2.713521e-02 8.031109e-04
8.458803e-01 3.942839e-01 9.575028e-02 -1.658097e-02 -1.064009e-02 4.381414e-02 -4.802964e-04
3.662772e+00 -3.666371e-01 2.317526e-01 7.438148e-03 -2.037878e-02 -3.223961e-02 5.324575e-04
8.280747e+00 4.437644e-01 4.650466e-02 1.604787e-02 -4.556169e-03 4.347663e-02 -4.728446e-03
6.038245e-01 2.522551e-01 -2.446287e-01 1.047579e-03 2.906263e-02 2.996867e-02 -1.763856e-03
9.625903e+00 5.125946e-01 1.641782e-01 1.845697e-02 -1.119574e-02 3.495517e-02 -1.497761e-04
2.291609e+00 -2.890397e-01 5.530344e-02 -1.925462e-02 -1.091860e-02 -5.706535e-02 2.276824e-03
3.440891e+00 -3.582047e-01 4.296006e-02 -1.760256e-02 -5.991223e-03 -4.995534e-02 1.744137e-03
4.948243e+00 -6.329341e-01 -1.456443e-01 1.925600e-03 8.081874e-03 -3.512182e-02 -9.778237e-04
1.198532e+00 1.082032e-01 -1.845966e-03 8.570341e-03 1.283495e-03 7.523338e-02 -2.283218e-03
8.677816e+00 -8.291936e-02 4.018266e-01 2.065310e-03 -4.687354e-02 -9.672640e-03 -2.749601e-03
1.965934e+00 3.903942e-01 -1.548814e-01 -2.614249e-02 1.612579e-02 4.064667e-02 1.974347e-03
9.490048e+00 7.443505e-02 7.191033e-01 -1.206089e-01 -3.398895e-02 3.518228e-03 -1.647695e-03
8.229382e+00 -7.140261e-01 4.868452e-01 -5.359478e-02 -1.574215e-02 -2.308805e-02 1.013859e-03
5.404505e+00 -3.458544e-01 -5.414851e-01 8.876495e-03 3.059895e-02 -1.954399e-02 -1.981901e-04
9.356690e+00 -2.232079e-01 2.510440e-01 2.175756e-02 -3.514422e-02 -3.124738e-02 -1.882714e-03
3.225681e+00 1.054212e-01 -2.207121e-01 -1.762737e-02 5.554441e-02 2.653030e-02 -6.526388e-03
2.408150e+00 2.031044e-02 1.179072e-02 1.521344e-06 -8.726044e-02 1.503130e-01 2.045326e-03
9.233029e+00 8.771161e-01 1.950798e-01 -1.361710e-02 -7.239974e-03 3.255231e-02 -8.645490e-04
5.114868e+00 8.446813e-02 -4.915888e-01 -3.332130e-02 4.462808e-02 7.668299e-03 2.270314e-03
3.237084e+00 2.866708e-03 -7.028668e-03 6.664718e-04 2.769791e-01 1.129685e-01 2.947075e-03
3.765770e+00 3.796288e-01 5.949240e-02 -3.033647e-02 -7.675628e-03 4.897918e-02 -3.911908e-04
6.736550e+00 -8.054853e-01 9.075560e-02 1.089236e-01 -3.667922e-03 -3.255400e-02 -5.697864e-04
5.465418e-01 8.174846e-01 -4.652409e-01 4.303710e-02 1.557923e-02 2.737459e-02 4.489350e-04
4.024529e+00 3.280906e-01 -3.284532e-01 -8.783493e-02 3.266122e-02 3.262516e-02 3.470763e-03
6.060127e-01 3.795134e-01 7.194908e-01 3.476220e-02 -2.900222e-02 1.529794e-02 -1.182978e-03
5.277614e+00 2.011729e-01 7.189517e-02 -2.340605e-03 -2.225233e-02 6.226518e-02 3.240733e-03
6.201274e+00 -6.890011e-01 5.958649e-01 1.191216e-01 -2.045651e-02 -2.365395e-02 4.274439e-03
8.230896e+00 -4.941696e-01 -1.339542e-01 -1.653223e-02 1.059433e-02 -3.908350e-02 2.822888e-03
1.612992e+00 -1.361161e-01 6.385292e-02 5.698129e-03 -3.167122e-02 -6.751397e-02 2.762723e-03
7.195706e+00 1.660697e-01 1.392784e-01 1.389128e-02 -3.655692e-02 4.358892e-02 7.862461e-04
1.355035e+00 -5.889538e-02 -6.433677e-01 2.725495e-02 3.348355e-02 -3.065163e-03 -7.402365e-05
1.205130e+00 2.731844e-01 2.052532e-01 -5.413670e-05 -2.553022e-02 3.397978e-02 1.520199e-03
2.793203e+00 4.611308e-01 -6.631993e-01 3.305214e-03 2.556354e-02 1.777465e-02 -4.923778e-04
1.849616e+00 1.206890e-01 8.621911e-02 -2.929114e-02 -4.746632e-02 6.644305e-02 9.041809e-04
7.292281e-01 1.075578e-01 -5.106277e-01 -1.371801e-02 4.231761e-02 8.913716e-03 -1.969830e-03
8.414531e+00 7.261635e-01 -2.443324e-01 -1.252019e-01 9.850127e-03 2.927488e-02 1.257942e-05
4.134969e+00 6.192223e-01 -7.335418e-01 -1.302205e-01 2.057780e-02 1.737084e-02 -9.119427e-04
4.471132e+00 1.722762e-01 -4.824503e-01 -2.994370e-02 4.188483e-02 1.495648e-02 3.567252e-03
3.070687e+00 -6.757509e-01 -4.749045e-01 -2.979757e-02 1.870496e-02 -2.661565e-02 2.090575e-04
7.668452e+00 7.296839e-01 -5.762628e-02 -1.019040e-01 2.577744e-03 3.264029e-02 8.334183e-04
2.744410e+00 -3.424162e-01 -2.292791e-01 6.935415e-02 2.690151e-02 -4.017596e-02 -4.868418e-04
2.382452e+00 1.527035e-01 -8.754802e-01 -4.631468e-02 2.678662e-02 4.672191e-03 2.444010e-03
7.142981e+00 -5.219557e-01 6.005263e-01 -4.556944e-04 -2.309686e-02 -2.007496e-02 1.104031e-03
2.438176e+00 -4.383112e-02 -8.073834e-01 4.420767e-03 3.407285e-02 -1.849743e-03 -8.521370e-05
8.420810e+00 8.610665e-01 -3.873280e-01 7.720771e-02 1.160631e-02 2.580192e-02 -4.956964e-04
2.451979e+00 -3.512028e-01 -1.825311e-01 -2.552945e-03 2.053200e-02 -3.950503e-02 -5.654054e-04
6.586571e+00 -2.238277e-01 -1.439012e-01 1.328670e-02 3.365379e-02 -5.234598e-02 5.617638e-03
9.706128e+00 -9.071069e-02 1.990370e-01 9.172729e-03 -4.817308e-02 -2.195478e-02 1.628896e-03
5.911967e+00 1.106242e-02 6.847475e-02 2.186539e-03 -9.493565e-02 1.533731e-02 8.432723e-03
6.827753e+00 -1.769193e-01 -3.190374e-01 -2.547758e-02 4.174070e-02 -2.314693e-02 -4.515256e-04
9.020300e-01 -6.689544e-01 -3.448660e-01 3.328523e-02 1.480272e-02 -2.871359e-02 -1.163817e-03
7.526124e+00 2.812317e-01 -5.925421e-01 -6.232835e-02 3.329597e-02 1.580290e-02 -1.089111e-03
8.577472e+00 -2.558897e-01 -5.764938e-01 -3.186131e-02 3.294183e-02 -1.462197e-02 2.231493e-03
8.372628e+00 -9.520604e-01 -1.703293e-01 3.393682e-02 4.427183e-03 -2.474587e-02 -4.102464e-03
7.801436e+00 9.393203e-01 5.099077e-02 1.175132e-02 -1.748429e-03 3.220847e-02 -3.287286e-03
8.796374e+00 -3.219308e-01 6.734440e-01 -9.743512e-04 -3.169630e-02 -1.515198e-02 -2.725498e-04
9.334365e+00 -5.868027e-01 3.076956e-01 -1.331282e-01 -1.509443e-02 -2.878642e-02 -3.045700e-03
3.036304e+00 3.825826e-01 -5.268706e-01 -5.938479e-02 2.870421e-02 2.084332e-02 -4.166154e-04
9.866228e+00 -4.418731e-02 9.984641e-01 2.711402e-03 -3.175975e-02 -1.405537e-03 -7.316607e-05
7.209931e+00 -1.827073e-01 5.418880e-02 -1.661465e-02 -1.665098e-02 -5.614178e-02 2.483112e-03
5.750071e-01 -5.540383e-01 7.905741e-01 -6.814901e-02 -2.680155e-02 -1.878266e-02 5.010012e-04
8.281869e+00 5.510788e-01 7.203649e-01 5.225415e-02 -2.268496e-02 1.735398e-02 -2.977965e-03
2.333663e+00 3.072075e-02 3.832717e-01 -1.452105e-02 -4.389474e-02 3.518338e-03 -2.393601e-03
7.371808e+00 -6.458949e-01 3.149836e-01 -9.652393e-02 -1.546598e-02 -3.171402e-02 -1.250845e-04
1.214042e+00 -5.049510e-01 -1.898693e-01 -1.769671e-02 1.217633e-02 -3.238253e-02 -1.114190e-03
2.497274e+00 1.695301e-01 1.180350e-01 5.182006e-03 -3.565206e-02 5.120597e-02 6.194170e-03
1.803674e+00 2.051640e-01 5.642284e-02 -1.995361e-02 -1.738814e-02 6.322653e-02 -4.027446e-03
6.534665e-01 -9.343202e-02 -7.719147e-02 -4.718985e-03 5.145396e-02 -6.227951e-02 -5.096543e-04
1.476687e+00 -3.708165e-02 3.090767e-02 6.509066e-03 -8.840751e-02 -1.060674e-01 1.011651e-02
1.587985e+00 1.952357e-01 -1.929825e-01 1.054959e-02 4.272724e-02 4.322611e-02 -1.768218e-03
5.980530e+00 6.054879e-01 5.287704e-01 7.270156e-02 -2.063178e-02 2.362518e-02 -9.774554e-04
4.066843e+00 6.308381e-01 4.726639e-01 -4.667884e-02 -2.158353e-02 2.880633e-02 1.313657e-03
2.951497e+00 6.346441e-03 -5.345181e-03 5.212335e-04 1.930725e-01 2.292389e-01 2.482564e-02
2.625436e+00 -7.062760e-01 -2.326768e-01 4.722654e-02 1.129934e-02 -3.429845e-02 -1.881134e-04
9.906154e+00 -6.940222e-01 -4.257225e-02 6.186168e-02 2.199740e-03 -3.586065e-02 1.817967e-03
3.389724e+00 -6.652860e-03 -5.647859e-02 5.160510e-03 1.194533e-01 -1.407093e-02 -4.957277e-03
4.187287e+00 9.400474e-02 2.576478e-02 1.368600e-02 -2.087525e-02 7.616491e-02 3.392538e-03
1.235451e+00 3.967137e-01 -1.817364e-01 1.092314e-02 1.838107e-02 4.012418e-02 -2.671123e-03
3.247657e+00 6.718731e-01 5.025675e-02 4.768163e-02 -2.756070e-03 3.684539e-02 1.620677e-03
8.607869e+00 -9.110829e-01 -2.938453e-01 -5.648911e-02 8.586277e-03 -2.662220e-02 -1.376234e-03
1.159299e+00 3.951045e-01 3.789735e-01 1.039488e-01 -2.786926e-02 2.905551e-02 -1.837291e-04
6.257149e+00 2.035064e-01 -9.209290e-03 -4.818608e-03 2.934197e-03 6.483974e-02 1.822090e-03
9.397426e+00 -5.146401e-01 -7.700897e-01 -4.960462e-02 2.145573e-02 -1.433856e-02 8.923368e-04
8.190815e+00 1.603735e-01 -8.000724e-01 6.999139e-02 2.702316e-02 5.416760e-03 1.020547e-03
6.496590e-01 3.179556e-01 -6.622683e-01 4.556983e-03 3.202586e-02 1.537564e-02 2.145396e-03
5.843486e-01 9.208128e-02 -1.316571e-01 -2.481046e-02 5.154324e-02 3.604945e-02 -2.102790e-03
5.041906e+00 2.934828e-01 7.301182e-02 6.338430e-02 -1.243033e-02 4.996573e-02 -1.375929e-03
6.837932e+00 2.116870e-01 3.089809e-01 -2.444415e-02 -3.911796e-02 2.680025e-02 -2.991582e-03
2.489809e+00 -3.302266e-01 1.446310e-01 2.188748e-02 -1.826924e-02 -4.171295e-02 1.985797e-03
8.170674e+00 -5.609884e-01 -3.287583e-01 1.118977e-02 1.708996e-02 -2.916206e-02 -8.415772e-04
4.738397e+00 2.873502e-01 -3.775908e-01 2.673277e-02 3.363586e-02 2.559721e-02 -1.940551e-03
8.601053e+00 -1.608151e-01 -4.792526e-01 8.231396e-02 3.511880e-02 -1.178425e-02 1.019663e-04
1.812422e+00 9.492007e-01 1.242315e-01 -1.091260e-02 -4.013723e-03 3.066717e-02 -7.532275e-04
6.316857e+00 -7.699397e-02 5.142498e-01 1.830033e-02 -4.350818e-02 -6.514086e-03 -1.142111e-03
8.451953e+00 -3.613967e-01 -3.378873e-01 1.665137e-02 2.770446e-02 -2.963207e-02 1.935573e-03
4.813175e+00 3.377340e-01 1.306620e-01 -2.941183e-02 -1.785422e-02 4.614941e-02 -9.157375e-04
9.869824e+00 1.459918e-01 4.232094e-02 -2.528946e-02 -1.954094e-02 6.740911e-02 7.781842e-05
3.795443e+00 -6.610479e-01 -1.120495e-01 -1.184544e-01 5.692291e-03 -3.358226e-02 2.157390e-04
6.630007e+00 7.254062e-01 -3.723099e-02 1.648528e-01 1.814055e-03 3.534493e-02 6.092292e-04
9.642394e+00 -3.288174e-02 1.336580e-02 5.497988e-03 -5.600107e-02 -1.377704e-01 -7.305049e-03
9.743715e+00 -1.588154e-01 -2.104483e-01 3.439703e-02 4.600461e-02 -3.471751e-02 2.972219e-03
7.454213e+00 -1.876211e-01 -2.012521e-01 2.065575e-02 3.918671e-02 -3.653254e-02 5.519884e-04
5.946201e+00 1.462575e-01 -2.044252e-01 4.977313e-02 4.954469e-02 3.544712e-02 -3.960873e-03
