1.292662e+00 0.000000e+00 0.000000e+00 0.000000e+00 0.000000e+00 0.000000e+00 0.000000e+00
7.398537e+00 -3.183173e-01 -6.927940e-02 -6.567012e-02 5.659241e-03 -2.600245e-02 7.430133e-05
5.212641e+00 -8.593762e-01 -1.780105e-01 -4.075118e-02 3.548748e-03 -1.713219e-02 1.722366e-03
1.628480e+00 9.362042e-02 -7.980427e-02 -1.059803e-03 3.416020e-02 4.007420e-02 -4.163310e-03
6.768301e+00 2.174167e-01 2.326957e-02 3.065248e-02 -3.913647e-03 3.656675e-02 1.938346e-03
7.449460e+00 -1.511153e-02 -1.981037e-02 -9.402720e-04 8.285481e-02 -6.320240e-02 1.398206e-02
6.750093e+00 3.370254e-01 -4.711917e-01 1.297910e-02 1.902096e-02 1.360496e-02 -1.445483e-03
4.901887e+00 2.390599e-01 -1.204537e-01 6.680848e-04 1.579253e-02 3.134284e-02 2.839730e-03
1.354971e+00 -1.949352e-02 -2.832359e-02 -3.685941e-03 6.842360e-02 -4.709210e-02 -2.599329e-03
5.851385e+00 -9.264109e-01 3.283278e-01 2.682414e-02 -5.361854e-03 -1.512903e-02 1.027467e-03
1.363390e+00 2.537014e-01 8.730564e-01 1.192739e-01 -1.847006e-02 5.367213e-03 1.844027e-03
5.973910e+00 -3.267633e-01 -3.247071e-02 2.803234e-02 2.540404e-03 -2.556490e-02 2.368387e-04
9.604300e+00 3.526038e-01 -4.003778e-01 -1.997668e-04 1.714257e-02 1.509708e-02 8.617507e-04
7.704381e+00 7.597873e-01 -4.485081e-01 -1.216557e-01 8.052827e-03 1.364175e-02 -8.675222e-04
1.228928e+00 -3.187742e-01 1.161857e-01 -7.742469e-03 -9.575938e-03 -2.627314e-02 -1.017957e-03
1.495962e+00 2.284069e-01 8.412378e-01 -5.383919e-02 -1.876187e-02 5.094090e-03 1.104482e-03
4.366282e+00 -4.126864e-01 -2.772419e-01 1.039584e-02 1.402866e-02 -2.088226e-02 -7.885892e-04
4.715824e+00 -1.066370e-01 -7.627478e-01 -3.757169e-02 1.684961e-02 -2.355683e-03 -6.201352e-05
6.308099e+00 -2.748974e-01 1.006660e-01 3.073457e-02 -1.011742e-02 -2.762853e-02 2.854127e-03
1.513247e+00 -4.255643e-01 -7.084356e-02 -4.296491e-03 4.147150e-03 -2.491234e-02 -3.934290e-04
7.538626e+00 6.864891e-01 -2.390513e-02 7.339074e-02 6.649576e-04 1.909574e-02 3.262194e-04
7.686015e+00 2.556535e-01 8.836146e-02 -2.477978e-02 -9.420130e-03 2.725497e-02 1.330421e-03
5.874552e+00 6.834231e-01 -5.564051e-01 4.161708e-02 1.086417e-02 1.334428e-02 -1.310809e-03
3.602188e+00 -3.137115e-01 7.488699e-02 -6.993375e-03 -6.576046e-03 -2.754793e-02 7.268601e-04
2.839237e+00 -9.170225e-01 1.825676e-02 6.515541e-03 -3.274200e-04 -1.644605e-02 -9.641753e-04
5.545676e+00 6.870513e-01 -5.735423e-02 1.369722e-01 1.661933e-03 1.990844e-02 -6.029641e-04
4.994369e+00 -1.722704e-01 1.438599e-01 -2.131242e-02 -2.354886e-02 -2.819947e-02 -1.552708e-03
3.422623e+00 3.753781e-01 -9.228372e-01 -4.125912e-02 1.437203e-02 5.846040e-03 -5.614909e-04
9.468531e+00 -2.497574e-02 -2.645084e-02 6.666206e-03 6.951787e-02 -6.564101e-02 1.071474e-02
7.466998e+00 -1.619695e-01 -2.010106e-01 -9.171742e-04 2.205345e-02 -1.777015e-02 1.522124e-03
7.460024e+00 6.152513e-02 -2.368870e-02 -2.149445e-03 2.332270e-02 6.057455e-02 -1.032515e-03
4.895775e+00 -6.978787e-01 4.950232e-01 -1.507149e-01 -8.898555e-03 -1.254509e-02 -1.114291e-03
4.784854e+00 -3.201876e-03 -2.764612e-02 4.254535e-03 1.048709e-01 -1.214577e-02 -8.273453e-03
1.080464e+00 8.460398e-02 -2.461332e-01 -5.984132e-03 2.661044e-02 9.146872e-03 5.180152e-04
2.260510e+00 1.577110e-01 7.269599e-02 3.158019e-03 -1.569977e-02 3.406000e-02 -9.113074e-04
7.624029e+00 -6.501375e-01 -2.940707e-01 -5.055510e-02 8.193859e-03 -1.811515e-02 5.267096e-04
2.933839e+00 1.385084e-01 1.245917e-01 8.376173e-03 -2.281358e-02 2.536183e-02 3.885467e-04
8.413334e+00 -4.155691e-01 8.734754e-01 -1.128674e-01 -1.645374e-02 -7.828116e-03 4.605758e-04
5.456739e+00 9.804944e-02 2.060901e-01 1.073022e-02 -3.350383e-02 1.593979e-02 7.174242e-04
2.501871e+00 8.975599e-02 7.439838e-01 -1.045702e-01 -2.006369e-02 2.420531e-03 5.592090e-04
7.744313e+00 8.489322e-02 -3.470347e-01 -8.035519e-02 2.731246e-02 6.681298e-03 -1.156646e-03
5.527027e+00 -1.362786e-01 -5.246858e-01 -6.000792e-02 2.000887e-02 -5.196977e-03 1.541418e-04
6.686450e+00 -3.138276e-01 1.697282e-01 5.200196e-02 -1.431252e-02 -2.646387e-02 -1.216005e-03
2.555865e+00 -6.392396e-01 -4.033875e-01 8.910452e-02 9.029442e-03 -1.430876e-02 6.921951e-04
9.665967e+00 1.925318e-02 -1.246682e-02 -1.029920e-03 5.839100e-02 9.017637e-02 -3.117679e-03
2.502390e+00 4.075566e-01 1.523468e-01 1.333232e-04 -9.038044e-03 2.417848e-02 1.485513e-03
7.894731e+00 -9.472026e-03 3.992147e-02 3.660011e-03 -6.894239e-02 -1.635772e-02 -8.652714e-03
1.001236e+00 -5.276144e-02 3.517387e-01 5.316448e-02 -2.372038e-02 -3.558100e-03 -1.098906e-03
6.354340e+00 -1.682953e-01 8.948419e-01 -2.310165e-03 -1.595692e-02 -3.001059e-03 1.282052e-05
9.371799e+00 -8.968860e-01 -2.148547e-01 -1.384789e-01 4.407690e-03 -1.839939e-02 -1.395333e-04
8.425096e+00 2.451507e-01 4.123231e-01 8.780294e-02 -2.025602e-02 1.204341e-02 -1.486087e-04
2.228499e+00 2.176996e-03 -3.560061e-01 -1.950711e-02 2.855130e-02 1.745927e-04 -1.471124e-03
9.975844e+00 -4.838946e-01 7.311865e-01 -1.130648e-01 -1.497923e-02 -9.913162e-03 -4.827049e-04
1.501346e+00 -6.329299e-01 -6.338903e-01 1.458825e-01 1.216365e-02 -1.214522e-02 4.283045e-04
2.172062e+00 -5.373368e-01 8.067850e-01 -1.392299e-02 -1.217050e-02 -8.105825e-03 1.474016e-03
2.107243e+00 3.785358e-01 -6.124337e-01 8.040213e-02 1.537919e-02 9.505640e-03 5.465887e-04
5.935228e-01 -8.856855e-01 -9.127895e-02 -1.505587e-01 1.898603e-03 -1.842227e-02 1.597639e-04
1.258281e+00 -9.577632e-01 -3.727527e-02 8.637115e-02 6.164834e-04 -1.584013e-02 -7.288267e-04
2.692360e+00 6.300342e-02 6.082900e-02 1.118135e-02 -3.801159e-02 3.937037e-02 3.329336e-03
4.559269e+00 2.485072e-01 2.971035e-01 -2.450218e-02 -1.987403e-02 1.662330e-02 -2.853223e-04
7.632396e+00 6.650431e-01 5.562725e-01 1.007159e-01 -1.033553e-02 1.235648e-02 8.410499e-05
3.398620e+00 -5.600929e-01 -3.639802e-02 3.198787e-02 1.481497e-03 -2.279729e-02 -1.007272e-03
8.617421e+00 -7.292302e-01 -4.123729e-01 -7.919556e-02 8.662184e-03 -1.531800e-02 7.231470e-04
4.470114e+00 2.285088e-01 -5.713313e-01 -4.655603e-02 2.041279e-02 8.164266e-03 -2.346432e-03
1.974225e+00 -1.269345e-01 -1.231685e-02 3.094351e-02 4.912534e-03 -5.062743e-02 -2.831489e-03
3.823865e+00 6.935002e-02 4.284459e-01 -2.356625e-04 -2.385213e-02 3.860803e-03 -2.045250e-03
9.563878e+00 -7.880924e-01 4.778853e-01 1.195244e-01 -8.371148e-03 -1.380506e-02 -3.311899e-04
2.690190e+00 2.350916e-02 1.545554e-01 -9.819143e-03 -3.992312e-02 6.072638e-03 9.891437e-04
6.886697e+00 2.369883e-01 4.246279e-01 -8.393129e-02 -2.012282e-02 1.123071e-02 -6.522280e-04
8.815853e+00 -3.524066e-02 1.060581e-01 -2.243012e-02 -4.920743e-02 -1.635049e-02 -2.084647e-03
8.342421e+00 1.664734e-01 -3.500845e-02 -1.336076e-02 8.842333e-03 4.204737e-02 5.706521e-04
3.515127e+00 2.791697e-01 6.588351e-01 -8.521997e-04 -1.701842e-02 7.211257e-03 1.147230e-03
3.759604e+00 7.370646e-02 1.139000e-02 1.006602e-02 -9.679390e-03 6.263684e-02 3.525523e-04
5.244522e+00 -4.570920e-01 -1.873092e-01 6.583781e-02 8.499678e-03 -2.074182e-02 -6.063132e-04
6.816028e+00 -2.945758e-01 6.397847e-01 -2.719269e-02 -1.555871e-02 -7.163689e-03 4.032112e-04
4.112306e+00 -3.831147e-01 -4.386462e-01 -7.930248e-02 1.759896e-02 -1.537098e-02 3.233837e-03
2.192358e+00 -1.703939e-01 -1.894410e-02 3.187753e-02 3.964192e-03 -3.565616e-02 7.275361e-04
2.383124e+00 5.036739e-01 -9.427232e-02 -4.875395e-02 4.681239e-03 2.501072e-02 -1.238070e-03
7.643174e+00 -5.300524e-01 2.856810e-01 -9.844762e-03 -9.607022e-03 -1.782486e-02 -1.570731e-04
5.472992e+00 7.204574e-01 -6.348379e-01 7.047332e-02 1.126517e-02 1.278449e-02 3.866874e-04
1.484636e+00 6.904650e-01 -6.682178e-02 -7.266771e-03 1.993789e-03 2.060168e-02 -1.170295e-03
5.697849e+00 6.893849e-01 -2.453636e-01 -3.374001e-02 5.898160e-03 1.657174e-02 -1.007893e-03
2.557057e+00 4.605999e-01 3.655290e-01 6.461102e-02 -1.435163e-02 1.808437e-02 -4.011825e-04
6.585127e+00 1.299049e-01 1.392956e-01 2.078412e-02 -2.731989e-02 2.547811e-02 3.013643e-03
9.979151e+00 4.331101e-01 1.636074e-02 -9.544482e-02 -8.127656e-04 2.151596e-02 -1.171422e-03
1.582305e+00 -2.027217e-01 6.307070e-01 3.049714e-03 -1.676112e-02 -5.387356e-03 8.535838e-04
7.562183e+00 5.929279e-02 6.597171e-02 -2.459628e-02 -3.661938e-02 3.291207e-02 2.597975e-03
9.747575e+00 8.265335e-01 -2.528419e-01 -2.484800e-03 5.242374e-03 1.713718e-02 -5.449076e-04
1.721288e+00 5.201373e-02 -5.302463e-01 3.472358e-04 2.204619e-02 2.162589e-03 1.589811e-03
7.421910e-01 -3.917255e-02 -2.762645e-01 -2.257787e-02 3.077231e-02 -4.363318e-03 -2.962429e-03
2.586800e+00 6.179476e-02 -7.357767e-02 -1.202262e-02 4.450355e-02 3.737664e-02 -5.832135e-03
6.308826e+00 1.088515e-01 6.425667e-01 -2.154757e-02 -1.920387e-02 3.253156e-03 1.471939e-03
5.959891e+00 -1.959185e-01 8.419720e-01 3.406559e-02 -1.936800e-02 -4.506741e-03 -5.053184e-04
3.858076e+00 6.911092e-01 6.916227e-01 1.318755e-01 -1.301538e-02 1.300572e-02 1.874392e-04
6.692696e+00 3.182266e-01 6.646504e-01 -5.604660e-02 -1.541493e-02 7.380483e-03 -3.561604e-04
9.444058e-01 -1.089073e-01 -6.306580e-01 5.762159e-02 1.974671e-02 -3.410027e-03 2.451863e-03
1.198356e+00 -5.832855e-03 -5.801036e-02 -6.116439e-03 6.142490e-02 -6.176183e-03 7.307060e-04
9.355727e+00 -1.679043e-01 1.200225e-01 3.056712e-02 -1.951591e-02 -2.730159e-02 6.194938e-05
8.875129e+00 -8.812327e-01 4.627501e-01 -7.335151e-03 -8.507398e-03 -1.620096e-02 -1.028217e-03
2.388711e+00 -2.579365e-01 -8.109703e-01 -6.253776e-02 1.531079e-02 -4.869738e-03 4.961897e-04
7.849105e+00 -6.063312e-01 -5.783421e-01 -3.776727e-02 1.296376e-02 -1.359115e-02 8.293867e-04
